300 841
29 449
280 936
330 170
502 713
438 901
295 186
505 624
708 447
407 126
412 25
708 447
492 973
469 184
439 866
502 713
310 181
581 398
404 130
439 175
135 424
469 458
190 381
616 423
248 979
403 141
502 726
322 176
234 719
421 170
709 465
29 449
34 450
257 316
504 605
306 821
234 710
239 332
431 807
245 594
317 33
274 946
336 146
510 757
295 917
244 620
463 377
409 694
499 899
292 920
480 308
247 326
183 314
38 448
350 643
243 652
299 864
439 848
183 314
245 594
467 353
14 479
547 366
57 436
281 324
428 173
461 404
464 434
638 441
274 438
570 388
330 685
439 848
319 729
448 178
234 719
127 429
564 307
547 366
663 410
195 295
167 327
266 475
477 488
710 468
292 923
504 207
437 843
721 481
318 30
270 949
502 726
18 455
19 455
259 312
239 665
351 1
424 747
357 621
281 331
483 961
718 469
274 438
321 117
412 25
509 643
292 920
403 135
398 655
475 482
420 728
502 713
704 444
163 402
267 470
285 400
39 446
627 432
474 953
263 306
299 864
306 821
696 440
267 960
266 475
489 971
416 716
499 899
418 75
485 506
68 427
278 303
158 406
220 351
413 710
331 679
676 424
237 690
463 417
503 731
285 400
243 646
57 438
421 98
508 924
341 659
301 878
502 726
421 98
690 435
335 140
243 330
503 691
354 629
469 460
125 430
509 665
325 704
150 342
458 180
470 326
422 737
234 718
229 934
310 746
464 396
241 331
492 311
477 309
281 412
327 172
460 414
268 465
144 348
90 408
555 373
263 479
10 486
295 186
315 35
310 754
237 690
504 737
469 342
515 334
728 472
503 691
408 122
311 788
414 713
508 638
301 184
502 713
463 377
418 106
125 430
245 594
722 491
111 386
502 726
688 435
299 864
469 458
306 821
510 757
619 425
323 722
510 929
475 312
421 170
572 390
269 463
496 976
526 255
97 402
508 638
142 419
572 390
502 726
304 815
270 949
284 189
28 453
195 295
414 40
215 268
463 943
310 746
557 375
424 747
38 448
505 913
300 843
368 2
184 313
409 694
505 913
251 201
509 927
504 616
421 98
581 324
308 805
334 139
505 325
504 737
696 440
505 913
334 165
317 33
306 821
266 475
627 432
160 334
421 170
128 367
555 373
175 392
503 600
419 69
425 172
350 645
629 434
463 943
7 490
690 435
422 737
95 402
571 314
477 186
708 447
436 891
237 688
424 747
420 728
520 339
556 295
460 414
508 747
309 795
248 979
477 186
408 122
272 453
489 971
68 427
448 178
413 710
184 386
243 627
520 339
29 449
125 430
323 722
248 546
430 780
267 960
406 19
407 682
245 594
386 8
555 294
317 33
298 185
245 594
200 372
215 268
475 482
465 359
18 455
470 332
499 899
721 481
690 435
301 865
421 170
18 455
439 848
335 161
460 414
433 819
417 719
505 325
197 293
276 301
441 176
596 410
469 460
316 107
320 177
413 710
97 402
436 840
679 430
128 367
520 801
416 167
324 123
419 60
261 968
502 713
301 908
413 35
719 459
413 35
492 311
142 419
499 898
267 470
237 690
238 670
390 10
301 878
301 908
487 511
335 161
310 181
279 191
317 737
512 870
229 934
502 726
436 840
261 968
296 913
469 184
520 339
57 438
68 427
287 363
308 805
527 259
314 180
419 53
300 843
499 899
441 176
483 961
333 167
429 756
399 16
150 342
220 260
175 321
273 194
640 444
300 856
564 307
579 396
496 565
476 310
248 979
480 958
503 600
314 180
314 180
480 958
419 53
457 937
319 729
715 454
97 402
330 133
408 689
477 488
431 804
534 270
307 812
325 704
497 317
555 373
722 491
298 845
417 719
522 249
481 499
413 710
237 690
316 107
142 419
529 349
510 757
221 258
408 122
13 481
72 425
419 49
322 176
596 410
590 332
278 303
152 411
470 326
56 439
354 629
720 472
487 511
167 327
228 770
520 238
238 670
441 176
301 184
438 893
520 238
477 186
728 472
235 223
709 465
287 368
722 491
436 891
271 459
142 419
671 420
328 694
499 899
435 830
260 195
394 13
190 381
469 184
17 476
688 435
570 388
493 527
281 324
229 934
269 463
255 501
422 737
168 397
686 434
715 454
505 913
192 380
508 924
477 186
503 600
412 25
267 960
469 458
195 378
589 405
403 145
441 176
323 722
69 427
492 973
571 314
28 453
555 373
729 473
502 726
409 163
362 615
280 936
179 318
294 919
152 411
417 719
234 337
525 344
284 189
279 425
287 370
273 194
184 313
300 840
390 10
552 291
12 463
403 665
25 455
302 903
408 689
716 454
413 710
310 746
300 853
709 465
323 719
516 774
310 746
504 737
502 713
489 969
374 4
581 398
221 258
487 511
474 953
704 444
237 218
441 176
502 726
195 378
160 334
287 373
495 974
311 788
230 338
495 974
579 396
286 934
314 773
237 678
323 722
234 718
437 846
683 432
412 114
190 381
629 434
279 425
88 410
508 638
281 331
323 22
301 904
350 643
729 473
690 435
144 348
234 719
428 173
441 176
135 424
288 931
483 961
29 449
406 159
336 146
15 475
179 318
500 201
475 482
502 726
84 412
521 834
731 473
323 22
708 447
365 0
306 182
334 3
441 176
317 737
158 406
302 903
413 710
481 499
529 349
298 845
419 53
331 136
208 366
290 928
10 474
328 129
537 274
234 719
277 431
494 974
502 713
281 935
280 936
234 978
469 458
502 726
245 594
285 354
480 308
458 180
300 910
709 465
504 620
308 805
330 685
72 425
433 819
498 318
328 694
502 726
315 35
504 620
422 737
95 402
493 553
571 314
431 802
723 462
306 182
718 458
285 354
148 415
276 433
194 297
433 819
251 201
167 327
502 713
720 471
310 71
418 56
251 513
272 453
10 474
151 412
7 490
366 1
420 102
323 119
469 458
469 460
301 904
471 317
521 834
690 435
534 354
708 447
273 194
471 317
493 553
581 324
676 424
301 865
309 55
499 899
323 22
80 418
428 173
519 234
505 325
135 424
204 283
300 853
435 830
463 943
408 122
403 145
505 913
612 420
433 819
310 71
425 172
419 105
612 420
447 924
287 382
437 846
300 843
431 794
273 194
397 650
281 935
470 326
29 449
299 862
15 460
165 400
463 943
679 430
52 441
91 407
505 913
223 249
306 821
534 270
261 487
310 746
302 903
82 416
245 594
133 363
259 492
472 316
514 334
178 391
424 747
219 261
95 402
234 699
675 424
91 407
199 373
487 309
409 163
371 4
414 713
477 488
439 848
496 565
142 419
520 801
431 799
502 713
279 191
310 746
570 388
259 971
494 974
720 471
314 180
194 297
280 322
17 476
259 312
362 615
520 339
301 878
396 14
167 327
433 819
581 324
501 321
502 713
190 306
596 410
433 819
229 934
127 429
502 592
25 455
589 405
498 318
563 381
458 180
392 633
272 453
415 110
499 898
167 327
29 449
301 184
335 2
310 754
412 703
683 432
221 258
413 710
502 726
502 713
136 360
314 180
463 401
15 460
498 318
575 393
407 126
422 737
419 60
435 830
10 474
636 386
279 305
502 713
463 943
84 412
401 661
175 392
503 691
262 483
499 899
237 979
472 316
267 960
6 468
199 373
398 655
558 298
461 404
290 928
502 726
10 486
174 322
280 936
510 929
720 472
581 398
270 949
474 953
248 546
56 439
262 483
18 455
679 430
269 956
510 216
327 172
232 232
308 805
414 40
501 321
415 110
17 476
273 439
581 324
489 969
175 392
534 354
254 505
328 694
418 77
8 468
473 315
243 652
274 438
15 478
234 710
287 368
221 258
19 455
474 953
82 416
438 901
286 934
416 167
29 449
125 430
509 927
311 788
502 713
311 73
525 344
448 178
301 865
245 594
284 343
309 50
404 146
300 838
273 194
206 280
279 313
285 397
69 427
688 435
234 719
504 616
237 686
464 372
409 163
286 361
88 410
503 731
428 173
678 429
334 165
438 873
301 878
292 920
252 509
620 365
263 306
280 936
505 913
322 176
199 373
552 291
6 468
10 474
421 87
414 713
325 704
406 677
431 809
547 286
469 184
325 704
223 249
499 899
716 474
408 689
417 46
508 924
502 713
325 704
448 178
306 821
15 475
596 410
679 430
670 416
477 186
309 50
467 353
555 373
275 942
563 381
251 513
257 316
640 444
273 194
431 794
284 189
280 936
287 380
720 471
505 325
335 161
564 307
38 448
700 441
133 363
409 694
322 176
352 0
272 453
504 737
490 972
235 223
545 283
509 674
509 927
287 373
579 396
407 682
104 393
504 737
563 381
200 372
351 1
493 553
281 417
499 899
547 366
311 788
368 1
421 170
244 620
419 105
419 60
429 756
362 615
436 831
414 40
284 343
324 123
237 979
417 719
467 441
12 483
237 218
469 445
295 915
638 441
469 342
460 408
234 710
510 757
323 22
616 423
502 713
330 133
581 324
696 440
477 488
336 144
447 924
184 313
703 444
508 638
486 964
287 363
477 186
503 600
323 722
686 434
503 731
309 55
6 468
419 49
128 367
301 865
590 332
652 404
507 327
508 747
290 928
243 627
470 469
301 904
287 389
539 359
710 468
29 449
557 375
304 815
286 361
336 146
499 898
448 178
463 943
475 482
510 216
97 402
486 964
10 474
234 710
8 468
499 898
281 417
263 306
428 173
328 129
306 819
678 429
292 920
243 631
467 441
431 799
406 677
505 624
339 662
398 655
13 481
267 960
302 879
386 8
281 414
275 942
267 302
382 6
311 88
502 726
679 430
547 366
505 624
290 928
319 114
666 412
464 372
15 460
408 689
424 747
362 615
288 931
243 631
47 442
409 163
274 301
416 167
49 442
512 870
721 481
192 380
84 412
190 306
700 441
72 425
19 455
278 303
556 295
263 306
95 402
513 866
17 476
620 365
307 812
273 194
310 181
245 594
339 662
47 442
439 848
722 491
279 305
487 511
404 146
496 976
350 645
47 442
323 722
558 298
307 812
511 759
152 411
424 747
431 806
505 739
470 336
636 386
502 726
428 173
279 305
708 447
150 342
334 137
284 189
409 163
720 479
487 309
279 313
493 527
502 726
179 318
552 291
19 455
362 615
502 726
431 809
504 620
339 662
409 694
273 194
328 694
678 429
493 553
248 979
678 429
502 726
443 919
502 713
460 414
721 481
275 942
480 958
547 366
15 460
500 893
435 830
150 342
334 3
281 935
477 186
696 440
220 351
439 866
184 386
496 975
39 446
335 161
301 904
242 330
281 935
496 975
481 499
350 645
237 690
327 172
474 953
229 341
564 307
480 959
167 398
710 466
421 98
537 274
256 497
486 964
715 454
503 887
234 718
230 338
431 809
428 173
283 405
457 937
509 643
721 481
247 326
499 898
709 465
690 435
292 920
299 832
499 899
336 146
309 55
638 441
232 232
216 265
270 949
252 200
436 840
684 432
502 726
436 840
499 898
438 893
324 708
438 873
286 393
190 306
723 462
333 167
407 682
298 851
481 499
476 310
438 869
502 713
503 600
522 249
295 186
604 344
298 851
409 163
262 966
190 306
439 848
29 449
29 449
248 979
295 186
319 114
519 234
57 438
439 907
505 739
404 130
309 50
34 450
505 913
29 449
229 934
111 386
319 114
729 473
496 195
309 50
259 492
278 309
510 757
397 650
236 334
350 645
165 400
513 866
514 334
80 418
272 453
311 73
470 469
443 919
261 968
408 689
502 726
287 375
128 367
327 172
679 430
433 819
489 969
307 812
266 475
663 410
638 441
513 223
504 737
168 397
273 194
552 291
563 381
418 106
234 718
251 513
499 899
295 917
301 878
204 283
415 110
490 972
16 475
237 678
414 713
316 107
287 392
558 298
481 499
34 450
504 737
709 465
350 645
271 459
84 412
503 887
579 396
504 616
403 141
273 194
330 170
301 904
354 629
382 6
505 913
503 600
470 336
563 381
469 460
298 845
507 327
208 366
486 964
431 789
431 809
236 334
308 805
497 317
403 18
248 979
304 815
502 592
286 391
304 815
408 21
284 189
307 812
386 8
72 425
158 406
206 280
431 809
545 283
420 102
413 710
273 194
88 410
503 600
678 429
505 624
502 713
229 934
322 176
325 704
29 449
703 444
410 117
82 416
475 482
299 864
341 659
474 953
295 915
38 448
274 438
290 928
507 327
414 713
284 189
310 746
525 253
269 956
571 314
237 690
324 708
663 410
480 308
245 594
82 416
418 46
290 928
463 431
331 679
539 359
220 262
163 402
80 418
341 659
408 689
424 747
354 629
245 594
558 298
696 440
403 135
409 163
309 795
157 407
398 655
277 431
17 476
422 737
481 499
499 899
279 425
461 404
333 167
666 412
480 308
231 337
521 248
513 223
722 491
350 645
239 665
581 324
619 425
312 780
502 713
500 893
339 662
504 207
152 411
413 710
281 935
335 2
502 726
439 866
190 381
483 502
502 726
104 393
718 458
323 22
281 409
716 474
430 780
716 454
88 410
421 98
286 396
330 685
515 334
557 375
274 301
310 751
324 708
413 35
309 55
719 459
408 21
221 258
330 170
470 469
300 858
684 432
311 88
216 265
334 670
174 322
502 713
480 958
715 454
503 887
448 178
319 114
419 49
408 689
503 691
127 429
504 737
234 719
49 442
406 159
502 713
334 3
570 388
477 309
718 469
486 964
465 359
314 773
508 924
66 430
287 363
317 33
652 404
503 887
229 934
277 192
310 746
496 976
261 487
519 795
302 903
308 805
299 862
18 455
710 466
496 976
469 460
330 685
276 301
204 283
463 431
555 294
502 726
437 845
336 146
267 960
292 920
519 795
10 486
475 482
310 746
197 293
640 444
539 277
135 424
391 11
275 435
604 344
275 942
413 710
184 386
228 770
322 176
435 830
167 327
418 106
292 923
448 178
279 313
330 685
406 19
299 832
341 659
431 791
504 605
504 620
311 788
469 184
421 87
68 427
526 255
285 354
723 462
142 419
225 938
136 360
350 645
424 747
398 655
521 248
420 728
539 277
98 401
556 295
237 686
439 907
508 924
547 366
36 449
470 336
619 425
292 920
168 397
175 321
581 398
298 851
238 332
229 934
175 392
407 126
390 10
502 713
501 321
638 441
279 425
254 505
351 1
352 0
229 341
276 301
425 172
18 455
502 713
419 69
314 180
237 690
419 60
262 966
237 688
413 28
190 381
670 416
274 946
158 406
163 402
477 186
696 440
718 458
269 956
243 330
507 327
302 879
267 960
425 172
328 129
430 780
12 463
716 454
398 655
243 644
204 283
480 308
268 958
636 439
663 410
300 910
310 751
430 780
480 308
469 458
324 708
72 425
330 170
331 679
237 218
721 481
508 747
399 296
339 512
333 480
401 237
377 219
326 162
308 154
188 576
204 261
117 303
222 47
200 159
123 238
299 654
91 265
140 222
12 377
227 640
282 7
183 737
236 120
337 494
187 571
321 378
403 300
246 0
190 719
347 255
308 759
232 585
312 780
57 346
188 603
345 777
292 83
280 573
188 631
331 164
309 697
218 745
293 39
346 775
335 649
301 663
190 674
77 280
201 159
181 561
403 239
328 415
137 292
202 271
409 245
332 702
14 376
374 216
385 227
101 255
228 639
161 268
207 156
409 302
338 731
467 309
221 152
508 382
295 78
500 362
302 665
480 359
194 711
189 724
328 590
235 140
246 559
183 563
251 539
276 3
180 741
327 407
188 647
496 355
225 650
456 344
197 162
168 766
234 580
322 384
179 557
469 352
140 290
128 298
217 749
335 632
291 86
21 371
196 349
54 306
198 328
309 771
405 301
344 778
436 326
203 270
339 514
183 172
343 178
21 369
392 231
287 12
211 156
193 358
234 23
255 518
203 253
319 345
398 235
414 306
185 569
267 554
4 374
332 599
224 83
355 193
326 252
12 361
320 377
259 516
270 568
336 572
228 636
191 585
308 740
151 210
75 282
204 291
213 755
14 356
132 295
172 752
226 646
483 329
335 246
287 592
236 122
190 721
188 623
306 681
341 740
119 242
404 300
114 305
84 326
444 334
282 104
296 647
329 419
230 102
201 241
286 587
178 536
180 475
126 298
437 327
232 27
235 12
200 310
309 716
181 560
188 382
503 384
183 409
268 1
235 571
342 177
199 239
110 247
340 736
292 38
328 421
340 563
283 573
187 634
308 731
172 184
95 261
109 308
79 278
476 322
188 166
190 244
189 648
231 27
406 301
185 394
204 262
424 313
210 759
191 241
290 602
42 318
307 682
338 495
40 319
63 296
310 779
178 504
192 359
505 376
423 258
222 664
77 332
297 60
253 533
322 256
334 607
212 758
377 279
218 716
171 753
173 749
247 554
329 416
78 330
505 377
341 562
235 575
2 378
198 160
466 351
180 476
438 273
13 377
224 655
463 350
188 169
139 290
286 99
266 553
347 181
362 267
62 342
294 146
297 649
291 36
159 199
490 368
178 481
410 245
138 291
116 304
168 756
140 289
11 362
35 328
240 2
22 341
198 161
492 344
263 538
442 279
316 158
54 305
131 231
188 725
189 656
229 33
329 593
505 387
281 112
304 674
187 622
182 250
204 157
196 337
45 352
469 311
237 124
372 275
216 698
386 227
292 85
293 630
390 229
111 247
295 48
289 98
306 680
283 102
178 253
440 331
329 433
5 374
384 225
243 566
307 741
61 297
335 573
415 306
452 289
205 769
16 348
367 270
367 210
269 1
295 79
271 2
220 737
309 730
445 282
396 234
299 655
330 443
197 336
250 542
38 323
20 371
63 295
326 253
277 4
193 712
216 753
498 360
312 156
290 605
161 198
202 252
365 269
202 158
344 178
261 523
81 328
339 576
108 309
305 679
336 654
338 172
340 515
294 44
134 229
467 308
178 744
296 69
337 578
290 144
262 537
355 192
330 434
270 2
413 304
23 367
225 41
449 338
332 475
56 304
239 4
179 477
493 370
317 322
203 260
202 296
385 287
183 738
287 28
500 379
10 364
230 626
13 357
108 251
226 36
227 95
180 743
333 696
315 266
349 185
253 0
313 156
225 150
349 258
352 188
61 342
279 572
20 342
179 744
363 267
296 49
317 296
346 760
122 302
331 703
328 570
236 14
246 562
354 190
179 176
248 553
431 321
191 588
260 517
87 324
400 298
317 279
99 258
318 278
217 692
331 598
324 577
318 354
185 566
65 340
471 354
438 274
460 300
406 243
181 251
234 118
443 334
27 336
285 142
140 221
147 281
269 567
260 497
335 168
331 595
333 720
341 780
12 359
202 295
228 96
201 297
188 728
475 355
116 244
219 679
426 315
317 262
164 266
231 109
226 644
177 255
216 752
300 662
283 9
417 307
290 36
334 675
54 348
220 678
184 407
339 249
336 490
338 566
361 202
119 241
220 742
193 715
234 142
326 570
182 436
332 718
500 364
362 203
477 356
344 752
68 290
326 400
57 347
177 254
214 155
59 344
112 246
218 734
135 229
209 760
197 772
465 305
344 254
321 258
328 247
244 565
185 247
44 352
191 164
188 245
287 142
336 729
192 716
476 321
232 111
440 330
335 626
506 379
493 371
494 371
223 663
193 162
159 270
261 530
169 767
337 568
308 770
323 388
64 341
332 600
6 370
245 565
388 290
282 8
162 196
75 332
191 581
193 357
202 251
128 297
334 244
407 302
287 33
242 566
50 347
334 609
301 664
188 580
315 157
193 690
334 572
186 389
331 474
336 618
327 251
491 368
508 389
296 644
294 42
186 730
336 633
173 751
40 320
45 313
436 271
401 299
452 342
342 744
180 546
254 524
183 250
339 580
337 491
172 185
309 709
180 541
247 558
103 312
171 752
43 317
9 380
280 138
217 751
41 318
24 338
405 242
329 569
332 697
467 351
139 223
22 340
356 194
294 80
331 444
45 314
331 780
231 616
287 13
376 219
8 368
190 380
202 282
315 264
180 251
430 265
470 313
335 483
60 344
290 20
235 139
184 408
235 13
327 585
326 406
507 380
15 376
102 255
331 569
509 384
290 24
178 745
187 624
113 306
413 247
296 77
217 710
203 158
318 336
349 257
344 755
431 267
414 305
332 568
31 360
178 513
129 233
475 319
42 353
186 393
345 759
230 146
83 273
56 303
242 1
501 368
345 254
342 252
308 696
375 218
165 192
212 155
182 468
272 568
191 675
290 92
37 325
333 167
328 420
370 274
272 3
343 751
82 328
502 381
372 215
336 170
133 294
15 353
337 573
342 176
334 570
289 601
307 152
49 311
186 247
382 223
221 668
289 19
484 362
399 298
458 346
308 764
338 732
25 364
433 324
216 709
503 383
368 271
255 509
256 504
285 584
231 28
43 316
196 238
241 2
423 257
254 1
29 363
165 266
326 579
307 765
191 370
238 125
324 255
283 108
425 314
118 243
170 261
219 744
346 761
175 748
264 547
307 690
269 566
465 306
194 353
461 300
384 286
259 513
485 363
77 279
318 316
339 565
404 239
21 342
326 584
345 776
224 651
206 157
324 254
138 225
290 145
308 768
93 320
260 512
398 295
1 380
88 324
23 366
188 641
179 252
186 731
11 378
486 364
251 541
10 366
500 378
234 117
37 324
239 3
143 218
338 567
33 329
130 296
201 284
416 307
507 381
201 309
188 615
356 261
487 339
218 748
223 82
363 205
303 667
236 20
434 269
381 223
131 295
475 320
168 263
278 4
371 214
341 559
260 2
223 656
302 150
197 334
318 344
278 570
155 273
98 316
185 171
226 86
185 735
325 397
412 247
296 59
124 238
55 348
191 372
199 160
186 171
217 715
285 586
333 686
484 363
80 329
267 2
317 317
298 653
460 347
6 373
393 292
481 359
17 347
484 334
237 8
319 261
322 258
108 310
91 322
487 365
181 174
195 350
198 333
361 200
452 344
229 147
329 591
411 304
182 774
230 101
236 9
233 143
99 316
318 366
352 189
194 238
263 546
282 577
299 150
219 743
138 226
189 598
185 406
494 348
507 389
375 217
367 271
309 778
188 611
332 477
190 589
33 358
280 135
282 575
37 355
323 391
233 25
257 497
318 270
316 328
316 268
181 474
487 337
266 552
159 200
200 312
322 387
389 290
279 130
221 672
360 266
336 246
506 378
421 310
95 318
333 478
184 172
317 335
340 739
201 250
318 261
194 703
195 704
69 336
341 252
226 40
441 278
111 308
104 311
383 286
31 333
179 540
237 123
238 134
371 275
215 154
4 376
163 195
314 157
175 256
194 356
181 469
233 112
303 672
85 326
29 334
227 643
297 68
424 314
176 255
496 350
24 339
260 522
340 565
90 323
233 26
33 331
404 240
212 757
187 384
292 629
135 294
194 695
396 294
60 343
486 365
328 248
292 624
179 480
245 563
335 245
343 749
191 681
420 310
36 327
2 379
214 754
170 755
235 21
36 326
139 224
226 90
199 327
316 267
317 360
452 290
224 41
447 336
237 6
282 109
276 570
153 208
443 279
305 675
373 216
245 1
190 243
497 356
206 764
238 568
268 565
34 358
495 372
335 486
149 211
464 304
336 629
234 576
187 388
81 277
336 627
219 735
268 557
39 321
471 355
340 558
459 297
48 311
71 336
283 575
193 694
202 285
75 281
219 681
284 583
346 772
415 250
349 184
335 610
335 727
434 324
151 277
240 568
289 144
262 526
162 268
158 203
5 384
152 208
115 245
92 320
337 580
223 67
114 306
386 287
0 384
370 273
68 289
327 409
227 91
158 270
109 248
261 525
192 582
232 615
229 634
259 1
262 527
206 766
388 289
327 162
304 673
304 152
171 774
67 339
1 381
223 150
38 321
197 239
318 359
29 362
336 171
143 217
4 384
3 385
218 691
235 22
288 99
11 363
282 106
252 534
192 689
279 571
76 281
175 258
325 571
187 630
295 45
32 332
324 396
328 587
232 110
256 508
325 160
191 242
181 547
228 147
294 147
335 725
388 229
505 386
325 253
231 103
126 237
322 158
321 383
446 336
289 596
363 203
204 289
366 269
334 481
297 148
433 269
213 756
115 304
174 748
169 756
116 243
508 383
8 381
216 154
338 781
292 37
426 316
180 559
338 511
331 717
16 349
259 496
56 347
367 209
509 388
219 736
79 329
345 756
189 602
402 299
502 382
187 640
334 168
465 350
471 313
192 584
327 586
281 115
332 243
32 360
230 633
464 303
295 643
333 723
183 772
290 88
192 369
336 619
484 332
354 191
187 575
310 715
325 161
180 176
289 25
211 759
328 410
190 657
397 295
284 9
217 697
286 591
280 129
225 647
26 336
395 294
293 635
232 146
63 341
253 525
43 353
293 41
279 134
258 496
89 323
327 249
307 758
503 374
231 625
162 197
13 358
229 635
182 773
170 754
351 258
273 569
325 399
324 160
332 719
169 771
152 277
183 564
336 568
192 682
179 554
224 84
336 571
501 365
275 569
318 367
347 762
17 345
120 303
67 338
339 250
492 343
195 709
334 685
335 653
310 710
91 321
233 116
53 347
415 249
288 595
376 279
237 137
96 261
27 363
333 244
287 593
391 292
181 175
341 743
252 538
15 350
440 277
204 770
488 340
347 771
7 370
307 153
307 767
203 294
236 11
311 779
298 650
302 666
291 146
164 195
333 606
125 237
342 748
295 148
114 245
335 569
337 574
353 190
257 503
138 292
183 249
187 614
99 257
150 211
34 328
188 633
335 620
320 370
483 331
129 296
318 297
222 667
361 266
234 24
300 656
8 369
281 139
432 267
203 263
189 245
41 355
333 166
101 314
335 674
189 581
189 722
336 655
96 318
61 298
489 340
265 550
187 612
379 282
289 15
113 246
372 214
416 251
90 267
185 732
188 383
436 327
147 282
295 640
202 287
165 194
55 305
109 250
335 169
405 241
106 310
82 273
289 26
334 482
282 111
233 145
205 767
396 233
294 639
250 545
171 261
261 528
254 519
323 255
319 353
439 275
78 331
264 549
329 164
106 251
31 332
228 99
308 691
229 30
294 636
222 66
282 139
339 735
151 209
430 266
495 373
26 364
0 382
217 153
437 273
121 302
91 266
291 623
190 373
400 237
471 315
215 754
329 422
280 116
324 573
356 195
384 226
32 359
248 547
179 505
194 710
407 243
262 531
174 258
199 313
316 263
503 370
347 182
319 260
171 773
233 581
336 648
179 177
310 154
89 267
335 617
497 357
336 487
335 570
190 597
335 576
121 239
283 103
179 512
494 346
234 141
498 358
291 606
281 7
160 198
283 107
11 379
378 282
78 279
201 283
105 311
220 673
476 356
441 277
41 354
289 93
294 81
337 172
180 558
233 584
158 201
445 281
338 581
267 556
354 261
284 574
297 648
332 781
179 537
459 299
284 579
165 265
179 253
333 601
343 778
217 152
469 312
291 87
265 551
195 352
288 594
103 314
9 381
360 265
129 234
336 728
339 780
324 392
46 313
319 368
82 276
335 630
394 231
190 164
62 297
339 733
319 369
316 323
199 770
66 340
439 276
122 239
468 352
23 340
436 272
181 552
378 280
317 365
237 135
317 329
132 231
218 682
432 268
209 761
203 292
346 255
431 322
449 339
397 235
458 347
1 385
192 717
335 656
224 45
417 251
30 334
187 616
10 379
167 263
14 354
325 572
79 277
183 435
317 263
155 274
341 780
32 359
354 191
212 757
56 303
505 387
183 772
344 755
179 512
194 703
281 139
174 258
115 245
494 348
496 350
225 650
77 279
386 227
381 223
237 137
325 397
79 277
82 276
188 633
226 90
96 261
301 664
227 643
338 731
280 116
276 3
424 314
0 382
228 147
213 756
88 324
245 563
308 770
235 13
261 528
308 696
226 40
12 377
309 778
344 178
372 214
293 630
333 686
279 134
323 391
202 296
114 306
172 185
336 490
183 737
202 271
264 549
190 243
206 766
291 36
283 103
345 759
216 752
318 261
56 304
237 6
187 634
228 99
319 353
342 176
459 297
59 344
317 262
62 297
282 7
53 347
219 743
458 346
349 258
336 629
354 190
231 109
41 318
180 476
225 41
10 366
331 598
290 602
172 184
151 210
233 143
25 364
23 366
295 79
416 307
500 379
497 357
276 570
393 292
461 300
216 154
337 494
332 718
185 406
193 715
10 364
483 331
42 353
326 406
187 622
307 741
446 336
338 172
262 537
91 266
223 656
121 239
325 161
109 308
315 264
287 33
434 269
12 359
332 781
191 681
26 336
312 780
193 162
353 190
128 297
324 254
180 558
483 329
91 322
294 81
235 22
333 166
346 255
328 410
315 266
180 743
340 565
363 267
269 567
195 709
337 574
89 323
329 422
398 235
212 155
354 261
484 362
430 266
339 514
290 24
296 647
281 115
143 218
325 160
346 760
316 323
302 150
229 30
0 384
327 407
409 302
190 721
1 380
184 172
434 324
308 154
235 21
87 324
199 160
292 629
297 60
230 101
339 780
406 301
356 261
204 291
329 433
162 197
187 614
190 244
192 584
495 373
197 162
188 603
263 546
368 271
220 737
330 443
335 649
190 164
333 167
286 591
283 9
217 152
224 655
15 376
268 565
124 238
295 45
171 753
31 332
304 674
240 568
31 333
367 271
254 519
475 355
218 716
295 78
198 328
186 731
183 172
195 704
179 252
317 317
129 234
323 255
194 353
337 568
286 587
318 344
230 633
433 269
211 759
190 373
119 241
342 744
332 719
221 152
203 292
255 518
42 318
198 333
334 609
188 725
335 620
432 268
287 13
415 306
296 644
188 647
396 294
93 320
361 200
291 606
217 749
265 550
175 748
2 378
188 383
179 554
385 287
315 157
201 159
487 365
183 563
289 596
260 522
301 663
338 581
284 579
181 560
283 575
75 281
305 679
360 265
178 745
185 732
179 480
75 282
375 218
307 758
193 690
405 242
297 68
294 80
415 250
331 780
223 150
338 511
85 326
236 20
236 9
135 229
287 28
319 369
228 96
78 279
324 577
329 591
293 635
260 517
105 311
139 223
203 263
22 341
351 258
308 731
118 243
291 623
407 243
8 381
355 192
341 562
334 572
188 631
158 201
231 27
165 266
180 546
198 161
287 592
319 368
188 576
230 626
14 354
251 539
289 93
284 583
92 320
170 754
406 243
108 309
488 340
78 330
202 287
289 98
294 146
346 775
6 373
224 651
289 19
464 304
181 474
234 576
452 342
43 317
334 482
233 581
140 221
81 277
165 265
331 474
279 572
362 267
321 383
508 383
316 268
500 362
178 744
179 477
36 326
16 348
378 280
43 353
201 284
430 265
170 755
99 258
57 347
143 217
267 554
260 497
262 526
4 374
63 296
151 277
317 279
66 340
256 504
332 702
372 275
343 178
361 266
183 738
335 656
152 208
282 8
29 363
69 336
35 328
173 751
465 306
134 229
152 277
344 254
194 710
219 736
399 296
375 217
188 623
321 258
436 271
217 153
439 275
54 305
190 380
232 146
14 376
288 595
171 261
21 371
475 319
178 513
171 774
337 573
335 245
338 495
217 710
260 512
188 245
282 104
185 566
119 242
317 263
444 334
219 735
169 771
477 356
191 372
340 515
48 311
179 557
225 150
191 581
189 656
292 624
277 4
493 370
297 649
404 300
41 355
229 634
466 351
332 475
414 306
500 364
318 270
336 572
335 610
465 350
316 158
159 199
16 349
476 356
199 327
15 353
188 169
508 382
90 267
335 632
452 290
328 570
181 174
204 157
362 203
307 152
318 336
77 332
345 756
331 569
370 273
471 355
505 386
197 336
467 351
95 261
372 215
346 761
202 295
95 318
27 363
218 745
437 273
416 251
79 329
349 257
440 331
333 480
319 345
194 238
307 765
437 327
441 278
327 585
467 309
80 329
339 250
282 577
229 33
336 654
318 297
344 778
452 344
186 393
78 331
229 635
326 584
17 345
193 358
340 558
337 491
475 320
203 158
396 234
253 533
218 734
32 360
290 92
187 575
245 565
469 352
227 95
338 567
235 575
342 177
302 665
174 748
237 123
246 559
130 296
38 321
71 336
327 249
231 625
116 304
3 385
237 8
308 768
335 169
352 188
169 767
259 516
164 195
68 289
361 202
200 310
45 352
129 233
337 580
415 249
178 481
308 691
345 777
261 523
177 255
329 593
224 84
185 394
183 564
1 381
384 286
335 725
298 653
1 385
324 396
289 601
379 282
295 148
347 255
90 323
285 142
209 760
334 168
339 249
360 266
336 633
186 730
326 253
180 475
60 343
443 334
330 434
411 304
54 348
106 310
106 251
233 26
206 764
405 301
295 48
12 361
110 247
491 368
300 656
470 313
44 352
304 673
337 172
331 595
303 667
318 354
389 290
75 332
158 203
331 444
282 106
347 181
201 297
163 195
203 270
316 267
339 733
99 257
168 263
286 99
240 2
128 298
400 298
26 364
200 159
278 4
182 468
196 349
224 41
37 324
471 313
283 107
331 717
407 302
460 300
423 258
465 305
342 252
133 294
120 303
341 559
192 369
232 110
367 270
270 568
131 295
436 327
161 198
421 310
507 381
188 611
182 250
239 4
317 365
204 289
326 579
417 251
335 573
305 675
371 214
196 337
502 382
189 581
341 740
233 145
125 237
238 134
160 198
484 334
327 586
83 273
247 554
233 116
218 691
332 477
318 359
334 685
4 376
29 334
217 751
310 154
188 580
189 722
336 655
290 36
147 281
294 44
23 340
217 697
168 756
294 639
55 305
113 246
279 571
257 503
129 296
179 537
495 372
2 379
61 342
203 260
37 355
308 740
89 267
503 384
420 310
329 416
239 3
471 315
332 600
139 290
336 627
104 311
191 585
161 268
67 338
244 565
202 285
201 241
111 308
54 306
388 289
332 697
140 289
7 370
317 296
401 299
219 681
187 640
233 584
290 605
336 618
191 370
242 566
283 108
34 358
39 321
502 381
302 666
82 328
222 667
345 776
45 313
439 276
242 1
338 566
376 219
232 111
188 166
296 69
226 36
189 648
317 360
335 630
132 295
332 568
179 744
292 37
140 290
266 553
178 504
187 616
113 306
445 282
280 573
333 606
486 365
339 580
269 566
338 732
440 330
220 673
290 88
335 626
140 222
202 252
326 400
235 140
376 279
20 371
17 347
309 697
236 122
310 715
179 505
281 112
195 352
232 585
259 496
10 379
209 761
250 542
443 279
432 267
292 83
233 112
391 292
268 1
299 655
224 45
492 344
24 338
343 751
231 28
335 653
236 14
162 268
476 321
306 681
202 282
13 377
151 209
102 255
236 120
496 355
336 170
139 224
307 690
138 226
221 668
114 305
191 241
236 11
309 771
333 720
409 245
413 304
325 571
205 767
235 571
335 483
103 312
334 244
318 278
185 171
322 158
180 559
126 237
101 255
498 360
403 300
203 294
293 39
60 344
460 347
27 336
480 359
56 347
189 724
21 342
50 347
37 325
179 253
336 487
426 315
179 176
191 588
278 570
336 728
326 570
324 160
290 145
505 376
192 682
222 66
285 584
101 314
206 157
195 350
172 752
265 551
121 302
385 227
307 767
212 758
219 679
111 247
162 196
289 15
36 327
204 262
298 650
77 280
333 244
335 727
336 246
137 292
335 617
202 251
335 674
138 225
327 162
132 231
404 239
234 117
401 237
404 240
509 384
226 86
487 337
201 250
237 124
501 365
256 508
352 189
234 118
290 144
237 135
459 299
292 38
246 562
32 332
335 570
223 663
221 672
294 42
503 374
509 388
295 640
261 530
220 742
49 311
336 568
506 378
165 192
316 263
46 313
266 552
11 379
322 256
492 343
20 342
238 568
282 109
188 615
378 282
463 350
82 273
377 219
340 563
192 359
283 102
199 239
318 366
11 362
309 716
282 111
494 346
500 378
424 313
200 312
23 367
33 358
349 184
299 654
335 576
158 270
324 392
181 175
367 210
40 320
347 771
296 59
30 334
181 251
405 241
299 150
193 357
425 314
191 675
112 246
436 326
182 774
258 496
135 294
153 208
501 368
383 286
308 759
181 561
33 331
192 582
114 245
197 772
285 586
507 389
169 756
331 703
213 755
40 319
334 481
190 719
367 209
229 147
196 238
339 565
231 103
447 336
159 200
259 513
307 682
222 47
339 576
331 164
193 694
22 340
438 274
481 359
311 779
253 0
248 553
468 352
324 573
283 573
336 729
484 363
345 254
187 571
327 251
288 594
215 154
309 709
238 125
99 316
272 3
262 527
329 419
291 87
232 27
322 384
337 578
333 478
253 525
230 146
289 26
204 770
431 267
316 328
304 152
243 566
338 781
234 23
272 568
310 779
329 569
220 678
180 251
456 344
503 383
397 235
431 322
340 739
227 640
397 295
476 322
296 77
21 369
192 716
116 244
336 648
14 356
325 399
412 247
452 289
445 281
103 314
384 226
224 83
5 374
186 389
289 25
327 409
228 639
123 238
24 339
192 689
182 773
440 277
183 250
190 589
485 363
190 597
320 377
300 662
442 279
251 541
334 607
392 231
131 231
269 1
297 648
34 328
190 674
260 2
291 146
328 247
433 324
449 339
187 388
181 547
371 275
268 557
291 86
203 253
289 144
370 274
287 142
165 194
333 696
191 242
270 2
487 339
223 67
326 252
171 773
186 247
388 229
494 371
410 245
11 363
188 382
227 91
109 248
183 409
377 279
471 354
280 135
398 295
201 309
117 303
205 769
138 292
329 164
55 348
57 346
164 266
5 384
122 302
11 378
321 378
45 314
255 509
67 339
292 85
336 571
356 194
177 254
98 316
318 367
356 195
335 486
386 287
320 370
264 547
346 772
234 24
426 316
234 142
222 664
115 304
436 272
297 148
108 310
287 12
467 308
303 672
417 307
431 321
310 710
507 380
217 715
234 141
207 156
38 323
215 754
400 237
263 538
68 290
328 420
399 298
219 744
194 711
317 335
189 245
234 580
382 223
254 524
181 552
296 49
175 256
187 612
469 311
188 728
261 525
180 741
342 748
192 717
339 735
294 147
96 318
347 182
373 216
335 569
326 162
438 273
193 712
91 321
414 305
186 171
290 20
9 380
282 575
245 1
116 243
214 155
423 257
147 282
31 360
324 255
201 283
497 356
267 2
312 156
178 536
484 332
250 545
183 435
343 778
328 415
248 547
198 160
275 569
349 185
334 675
149 211
323 388
187 384
317 322
190 657
241 2
155 274
33 329
267 556
332 243
122 239
41 354
218 682
402 299
403 239
508 389
189 602
178 253
384 225
295 643
235 139
328 590
489 340
273 569
262 531
228 636
63 341
279 130
187 630
189 598
170 261
232 615
84 326
6 370
388 290
217 692
183 249
176 255
366 269
294 636
493 371
79 278
226 644
76 281
9 381
210 759
246 0
254 1
13 358
505 377
214 754
340 736
64 341
355 193
179 177
61 297
43 316
126 298
171 752
347 762
413 247
185 569
374 216
284 574
281 7
194 356
13 357
319 260
230 102
308 764
282 139
319 261
194 695
247 558
185 735
287 593
8 368
180 541
328 248
341 252
173 749
184 408
396 233
108 251
225 647
179 540
306 680
486 364
182 436
490 368
271 2
335 168
216 753
199 770
322 258
336 171
91 265
138 291
233 25
328 421
498 358
226 646
284 9
191 164
394 231
317 329
441 277
449 338
336 619
390 229
335 246
464 303
363 205
307 153
252 534
81 328
458 347
15 350
322 387
8 369
211 156
185 247
309 730
4 384
318 316
218 748
223 82
216 698
365 269
293 41
155 273
235 12
188 641
65 340
167 263
363 203
168 766
288 99
180 176
184 407
314 157
469 312
202 158
204 261
328 587
344 752
343 749
506 379
63 295
280 138
252 538
29 362
175 258
197 239
197 334
339 512
280 129
332 599
313 156
150 211
341 743
61 298
334 570
333 723
333 601
159 270
231 616
503 370
259 1
62 342
395 294
181 469
199 313
325 572
216 709
109 250
325 253
187 624
257 497
442 308
180 771
142 226
157 274
225 14
188 238
324 295
330 248
337 401
12 401
195 338
464 384
191 239
164 535
423 332
282 125
301 644
233 2
278 521
322 332
90 292
167 529
353 729
147 773
266 477
500 364
199 282
8 404
303 652
173 435
293 69
328 258
198 319
200 149
157 625
358 688
285 130
458 379
362 745
344 418
485 408
288 132
9 368
170 493
21 411
254 0
223 577
438 345
310 141
350 477
470 396
363 197
321 310
289 567
78 308
415 326
161 586
343 152
502 401
280 526
51 384
163 181
5 403
9 385
454 372
246 0
191 348
150 214
485 409
198 743
431 291
285 92
361 632
188 755
192 346
446 353
157 196
123 311
169 509
371 777
352 259
156 198
357 741
230 106
332 148
259 475
359 608
351 481
347 714
348 713
138 233
240 515
500 363
384 231
220 142
157 617
172 450
286 554
148 287
306 139
364 199
352 728
176 160
209 698
4 371
232 133
365 201
304 138
143 293
14 363
450 365
138 298
206 148
100 333
207 672
41 346
362 633
412 267
224 19
180 392
363 270
406 319
354 700
187 239
289 34
190 751
275 505
272 499
283 538
477 405
322 319
192 239
465 329
234 528
343 414
171 439
377 761
353 703
297 137
370 778
238 519
159 727
333 246
217 590
288 32
354 508
354 701
127 251
158 778
221 26
223 20
362 679
323 144
442 349
78 307
216 627
363 638
468 393
83 301
404 259
19 413
389 241
354 169
279 14
197 322
191 347
254 484
446 357
353 168
18 411
235 526
228 7
183 243
359 181
46 391
451 319
322 311
100 279
226 13
105 272
287 555
286 130
13 362
374 284
210 656
195 152
160 731
65 364
305 710
155 276
323 749
461 326
350 550
357 742
472 341
164 175
489 353
81 347
176 158
193 342
142 293
235 114
424 281
290 133
145 221
230 540
323 296
171 163
261 4
412 266
377 774
201 738
95 337
374 218
218 588
171 417
279 111
228 6
304 661
157 638
226 560
278 518
294 586
214 33
334 392
277 13
348 159
194 339
245 1
376 756
293 135
186 762
190 360
357 175
345 155
84 345
284 18
355 738
157 692
162 567
27 356
159 191
157 636
122 257
223 91
343 774
339 406
171 781
16 396
203 147
253 485
375 220
445 358
168 520
351 549
319 745
397 250
57 330
347 157
119 260
68 319
210 699
292 79
323 750
290 65
279 108
185 764
256 481
432 292
19 360
171 162
372 753
364 198
150 285
231 535
217 143
290 47
17 411
234 1
364 667
177 399
67 359
493 411
327 355
351 493
296 594
13 410
165 779
284 542
217 602
211 145
270 8
230 3
221 582
198 281
363 671
157 641
258 477
217 591
281 527
311 141
162 734
305 669
279 523
167 524
147 774
216 144
499 408
151 211
504 399
63 368
322 320
363 190
164 779
474 402
326 364
440 347
492 410
340 408
341 772
351 582
216 600
287 559
144 769
360 621
460 326
283 98
268 482
186 239
284 129
187 370
282 531
194 246
181 155
217 31
157 194
242 513
358 607
428 286
409 322
233 109
183 767
417 272
69 318
164 538
132 303
373 284
365 649
337 402
156 632
3 394
503 394
213 641
273 500
227 554
153 748
360 182
278 13
474 403
271 495
294 580
350 716
181 389
157 273
186 371
261 469
354 170
268 6
264 472
358 687
290 56
344 774
161 741
164 550
354 737
106 272
20 360
285 548
208 723
468 392
504 395
348 716
388 240
439 304
291 133
175 161
299 598
29 412
496 370
194 248
161 568
234 116
122 256
171 472
16 394
172 458
387 236
367 275
101 277
327 271
451 368
466 332
148 750
192 344
140 230
332 388
200 741
14 363
410 264
10 410
7 377
496 369
198 320
338 404
349 464
290 43
349 708
209 688
444 311
187 369
158 192
200 315
373 776
355 739
470 395
190 349
22 358
66 363
346 776
130 248
332 246
336 400
439 347
83 346
378 772
356 603
346 249
320 329
199 742
235 527
354 723
309 731
4 391
340 407
364 779
474 342
305 139
284 97
173 412
300 602
347 453
40 348
331 758
331 385
410 322
354 511
306 722
303 660
181 770
346 250
319 143
138 297
291 48
306 675
14 394
352 258
201 737
257 479
190 238
32 353
157 647
217 79
285 93
327 367
363 672
354 595
187 757
162 585
206 726
222 24
327 264
240 516
110 323
245 502
311 733
349 471
437 300
156 634
61 371
269 487
195 245
182 154
322 306
203 734
15 363
325 352
143 763
100 280
153 280
133 246
160 743
363 271
188 756
162 569
156 197
232 108
164 177
355 698
162 555
0 399
202 148
169 494
156 626
159 188
197 150
368 208
499 373
371 212
237 524
149 776
161 186
307 140
348 160
99 282
209 722
397 252
221 581
216 56
198 150
163 178
176 405
214 144
178 251
389 242
323 318
493 370
498 377
99 333
233 530
502 383
215 34
178 157
234 128
356 173
232 532
321 321
11 366
323 299
273 502
354 541
258 3
281 116
22 358
372 752
230 105
200 302
339 405
392 245
490 410
364 641
166 170
170 473
255 1
158 720
158 613
63 367
352 546
324 314
351 164
69 356
234 113
114 264
421 275
354 522
7 401
146 752
245 501
174 410
293 78
207 147
448 363
155 777
454 323
205 148
498 409
214 50
343 247
173 426
243 513
289 87
65 365
219 143
198 278
180 772
352 726
149 216
295 585
426 283
340 769
342 246
14 364
341 771
227 137
188 368
359 616
362 187
422 277
45 393
181 245
26 356
198 273
289 132
171 438
324 285
224 564
340 149
305 695
125 253
364 662
160 603
363 666
501 382
164 266
463 328
162 739
276 509
199 301
455 378
198 274
12 366
203 732
217 620
29 354
421 331
226 555
74 352
152 281
226 10
39 400
409 264
323 345
363 640
358 743
84 346
168 262
118 315
321 330
356 604
482 405
12 411
288 565
157 627
232 132
162 570
331 384
267 479
304 696
67 360
300 620
260 468
362 189
322 300
354 529
226 100
349 254
353 719
355 602
195 255
196 332
184 381
462 382
2 396
189 365
190 154
342 410
350 707
153 206
355 172
182 387
193 153
354 720
317 742
55 379
353 498
205 728
465 330
374 776
200 300
163 267
343 416
177 402
148 288
325 145
206 727
165 549
330 250
350 581
375 221
163 572
3 395
355 171
166 530
263 4
199 275
352 497
486 351
117 260
281 15
169 519
158 717
351 717
445 351
82 347
496 410
217 616
435 297
421 276
361 681
466 331
39 401
202 735
16 410
208 147
251 488
229 541
248 494
500 373
284 94
355 535
181 769
307 723
379 225
508 376
160 728
367 206
153 279
12 379
137 235
335 762
347 452
161 589
324 145
233 110
260 470
162 184
349 577
250 491
330 383
260 3
376 774
349 567
151 212
256 1
350 472
282 126
279 522
365 748
339 767
160 269
158 193
33 352
438 346
268 484
361 186
7 374
292 573
379 226
361 622
228 552
208 724
13 399
388 237
284 128
290 38
345 154
171 442
183 382
352 587
373 283
191 153
172 414
293 579
154 200
308 727
414 326
286 91
247 495
156 746
147 218
309 140
179 395
353 725
369 209
431 290
501 381
291 39
280 14
339 245
211 654
326 278
360 183
353 781
189 361
274 10
398 310
179 393
160 742
235 115
15 393
361 680
246 497
350 163
291 82
290 568
221 25
196 256
473 400
326 366
56 377
233 531
150 750
388 299
311 734
336 398
160 270
264 5
342 152
218 615
46 342
294 582
159 604
42 346
353 484
344 247
172 413
168 508
157 656
98 283
194 152
371 214
435 298
150 213
7 388
464 388
361 184
231 107
231 108
156 655
158 616
155 277
379 773
215 55
289 566
387 235
358 178
11 411
135 236
161 185
161 268
174 409
290 569
472 398
79 349
158 693
204 731
425 334
172 425
57 331
286 20
328 252
90 340
353 735
187 760
222 580
293 576
1 400
157 631
327 267
140 231
454 371
277 513
69 357
83 300
238 518
163 571
168 781
56 376
11 401
75 352
340 150
273 10
456 375
199 318
161 740
359 685
321 323
197 321
358 179
487 351
185 378
350 578
359 180
418 272
141 227
189 753
384 232
309 728
326 272
40 347
447 360
289 85
377 757
479 346
166 780
350 566
156 642
101 278
220 583
215 54
502 390
363 780
422 332
191 749
298 138
46 341
271 492
287 28
281 529
199 286
325 348
219 28
353 594
288 29
80 304
347 715
208 687
225 97
151 749
193 343
218 603
333 390
353 483
142 225
219 84
216 592
216 77
167 780
473 401
223 92
316 742
433 295
353 542
199 277
467 333
354 596
368 750
202 736
295 583
61 370
172 436
199 743
420 331
490 353
357 689
184 379
72 314
147 219
355 521
442 307
13 400
497 370
218 82
274 504
352 717
354 536
178 396
365 200
339 768
502 402
215 632
437 301
0 400
369 778
19 412
327 373
330 376
350 162
170 441
208 671
180 247
220 586
259 473
22 411
346 451
304 709
283 532
231 534
183 242
366 202
209 659
174 160
153 209
94 337
319 744
195 249
347 251
288 560
189 754
348 454
260 472
251 489
7 387
152 749
297 596
209 146
186 761
444 310
157 650
172 437
212 647
366 203
356 174
323 344
36 351
103 274
247 496
326 354
164 551
194 242
450 366
31 353
424 280
212 653
488 411
352 489
286 90
216 31
157 746
208 660
230 536
133 303
71 355
355 597
229 4
370 279
161 732
127 252
451 318
263 466
219 83
498 378
422 278
217 70
357 691
497 375
499 405
201 148
233 131
455 373
356 692
330 146
361 781
45 392
432 293
364 650
182 385
457 379
426 334
159 612
34 407
30 354
162 566
225 563
353 590
461 382
172 259
345 449
216 621
68 318
172 424
188 366
443 349
219 29
451 367
328 265
169 262
229 104
196 744
353 167
171 422
197 744
326 146
253 486
291 42
157 635
154 205
364 670
372 216
98 284
161 733
372 777
270 491
80 305
470 338
165 174
209 719
159 271
38 349
292 68
169 502
91 340
158 701
285 543
224 94
284 539
289 33
4 393
210 657
350 778
185 763
171 459
222 22
21 357
296 137
487 412
340 770
482 348
295 587
229 103
287 22
447 361
410 265
320 143
334 245
497 376
352 494
351 490
222 141
162 573
292 81
9 383
191 750
215 628
10 382
359 743
335 397
225 561
335 763
78 349
483 348
349 255
456 377
357 177
331 757
355 530
334 391
218 80
217 601
204 730
456 325
398 309
223 575
119 315
503 391
175 254
181 246
363 663
42 397
301 621
90 293
325 284
48 340
265 473
305 674
170 440
210 146
320 324
16 362
103 275
354 736
135 239
207 677
160 590
362 637
299 601
257 478
378 773
343 440
258 476
344 441
353 702
282 15
499 372
10 377
448 362
475 403
265 476
126 253
324 347
308 725
170 419
204 147
459 325
274 503
353 544
277 517
360 684
227 553
124 311
8 401
145 222
280 112
35 351
190 752
335 393
324 346
368 779
406 318
478 345
142 757
327 363
248 493
284 17
141 229
229 5
243 505
114 263
351 547
280 524
227 9
223 141
23 410
254 483
339 148
292 67
338 403
229 545
234 111
146 753
495 411
53 382
356 697
216 71
209 658
196 323
224 93
142 762
343 419
171 449
232 533
369 210
163 778
495 368
131 248
322 343
351 586
306 721
360 682
362 673
473 342
39 349
348 463
199 316
347 158
351 478
178 250
178 398
210 718
280 115
162 268
351 165
332 386
154 748
302 645
283 100
183 384
162 553
196 272
186 374
42 396
14 395
154 776
225 17
165 539
51 385
175 255
327 259
350 706
439 303
295 588
291 570
305 720
244 504
352 485
267 481
472 340
2 397
159 721
55 378
88 341
291 55
507 375
171 415
200 739
215 49
297 595
199 149
275 508
24 358
157 716
156 646
228 546
455 374
433 294
428 287
181 388
27 410
221 142
177 157
234 529
194 241
214 53
290 35
171 423
159 272
489 411
172 258
168 503
349 709
4 403
498 410
166 533
162 182
361 745
316 739
321 331
250 490
276 512
144 770
502 375
282 530
225 95
305 690
333 389
227 8
367 204
411 266
158 272
217 78
391 244
224 574
133 243
494 371
138 234
426 284
99 281
318 142
456 378
470 337
428 336
136 240
494 372
291 572
173 160
176 403
429 336
358 606
163 565
168 166
325 279
262 466
205 729
213 646
480 346
269 485
340 246
266 5
46 390
292 575
231 3
294 135
388 298
344 443
280 107
353 718
7 368
347 252
353 507
34 406
355 699
180 390
143 768
167 169
349 778
368 207
180 155
213 145
168 523
208 678
271 8
220 85
152 282
472 399
352 589
344 417
17 362
404 258
170 418
352 545
211 655
286 21
392 244
10 406
281 102
280 104
157 702
362 780
374 219
267 6
244 503
281 103
166 172
342 413
218 589
214 633
111 322
180 248
175 406
165 173
185 375
72 315
364 648
296 589
322 312
477 345
347 776
366 748
232 2
228 137
157 777
223 21
324 750
70 355
323 315
486 412
367 276
355 512
220 88
353 724
445 352
224 18
266 478
195 333
167 168
158 637
264 467
173 411
346 450
370 750
111 323
47 340
286 549
149 215
328 266
66 361
509 373
378 762
348 710
150 284
272 496
509 376
321 307
217 58
216 57
464 328
164 267
486 410
168 167
195 243
89 341
370 280
454 322
156 651
200 287
270 488
345 444
226 98
256 480
375 756
321 144
237 520
194 341
53 381
197 272
372 215
307 724
214 640
281 124
10 381
326 353
175 408
136 235
312 142
233 129
403 258
291 83
222 578
183 766
359 686
304 668
360 617
467 334
246 500
169 420
34 352
163 556
302 651
306 689
147 773
298 138
194 341
138 298
504 395
362 637
291 570
291 48
327 259
181 769
230 3
235 115
359 616
378 773
159 272
68 318
140 231
282 530
7 388
143 768
5 403
350 581
312 142
209 722
501 381
237 520
276 512
158 701
42 397
209 658
158 717
216 592
363 666
358 178
502 401
477 405
171 442
297 595
172 458
277 517
233 109
157 641
174 410
356 173
162 734
178 157
226 560
221 25
90 292
339 148
270 488
340 408
281 527
364 779
167 524
387 236
158 693
328 252
181 770
264 467
355 521
226 555
234 1
46 391
348 454
283 538
153 209
33 352
368 208
192 346
353 484
11 366
348 713
114 264
286 20
157 635
206 148
367 204
208 724
454 372
229 103
260 3
208 660
158 192
40 347
9 385
230 106
156 646
205 729
500 373
217 70
348 710
341 772
233 2
331 385
278 13
286 91
333 389
247 495
498 409
509 376
195 243
292 575
352 494
277 513
164 175
440 347
157 716
34 406
223 20
154 205
354 595
496 410
232 108
247 496
442 308
157 196
224 564
162 585
223 575
91 340
354 508
392 245
9 368
350 778
175 254
362 679
294 582
279 108
264 472
353 544
420 331
344 417
208 687
171 472
357 689
191 153
42 346
354 522
199 286
304 661
151 749
191 347
373 776
220 85
353 781
147 219
327 367
473 342
483 348
152 749
347 251
90 293
238 519
119 260
199 316
217 601
362 745
432 292
355 512
286 21
161 733
225 561
100 279
186 239
56 376
464 384
7 401
349 255
150 213
10 377
428 287
74 352
215 55
348 159
485 409
48 340
168 520
353 719
259 475
245 501
422 278
422 277
254 0
365 748
348 160
456 378
455 373
233 129
169 262
322 343
450 365
124 311
185 763
216 77
233 531
210 718
217 620
29 412
334 392
242 513
485 408
398 310
375 221
165 779
295 585
214 33
352 587
173 411
156 651
250 490
450 366
359 686
352 497
477 345
157 650
157 194
431 290
304 709
350 162
198 281
138 234
178 396
358 607
264 5
172 425
421 331
213 145
286 549
190 360
151 212
426 284
282 531
499 408
361 186
479 346
23 410
214 144
160 590
447 361
282 15
278 518
290 568
63 367
306 722
217 616
216 57
135 236
153 280
323 299
272 496
163 572
327 373
222 141
159 604
117 260
354 511
323 345
280 524
216 56
164 550
290 38
455 374
412 267
170 493
371 212
350 477
435 298
232 532
163 181
181 245
324 750
285 92
156 746
499 373
502 375
19 413
217 590
496 369
209 146
344 774
233 530
497 376
325 145
177 399
156 642
243 513
31 353
321 321
194 241
224 19
199 743
296 594
369 210
210 657
135 239
192 344
169 509
291 83
171 415
219 84
179 393
217 58
322 312
372 753
308 727
148 750
463 328
130 248
291 133
17 411
101 277
490 353
375 756
270 491
191 348
293 135
212 647
184 381
369 209
89 341
281 103
71 355
323 749
268 484
258 476
197 272
208 147
360 682
351 478
288 29
194 339
171 438
351 549
165 173
353 725
219 83
227 137
274 10
161 740
347 453
157 692
189 361
157 656
267 479
197 150
333 246
404 259
131 248
338 404
180 155
214 640
26 356
240 515
227 8
175 408
324 145
227 554
456 325
219 143
286 554
323 750
172 424
363 638
213 641
141 229
187 369
231 108
354 720
343 247
230 105
111 323
352 545
284 539
66 361
457 379
251 488
182 154
364 641
319 744
168 503
451 367
362 633
172 258
470 395
305 690
372 215
181 389
433 294
350 566
338 403
161 741
495 368
332 148
158 613
217 31
94 337
348 716
187 757
273 502
161 268
150 284
354 736
377 774
24 358
235 114
363 640
494 372
263 4
207 147
497 375
496 370
271 492
8 401
220 142
163 556
214 53
216 600
166 533
472 340
356 604
388 240
423 332
363 190
371 777
285 93
262 466
260 470
344 441
79 349
149 215
281 15
268 6
216 31
150 285
349 708
152 282
19 412
493 370
156 655
158 778
114 263
458 379
322 319
265 476
320 143
325 279
80 304
339 405
171 162
261 4
183 766
45 393
412 266
502 390
328 258
418 272
231 107
293 576
280 14
454 323
164 266
142 225
84 345
233 131
470 337
323 315
289 85
209 688
372 752
306 675
374 284
287 22
200 741
343 152
83 301
126 253
498 378
156 197
218 588
160 269
322 311
164 551
337 402
164 779
488 411
451 318
389 242
439 304
22 411
160 603
364 199
294 135
51 385
337 401
189 365
388 298
40 348
170 419
211 655
364 650
326 364
327 271
372 216
284 94
388 299
45 392
305 720
14 363
226 13
353 498
162 184
174 160
428 286
190 752
439 303
195 152
14 363
368 779
227 9
468 393
12 401
466 331
358 606
482 405
103 274
244 503
180 771
284 128
218 80
499 405
153 748
281 124
194 152
11 401
503 391
282 125
206 727
293 579
323 144
27 410
195 338
229 545
424 280
251 489
275 508
165 174
352 726
19 360
56 377
142 762
226 98
103 275
409 264
232 132
351 481
61 370
22 358
273 10
500 364
187 760
310 141
203 732
150 214
227 553
303 660
330 383
218 589
55 378
179 395
159 612
244 504
353 718
354 701
171 417
180 772
153 279
269 487
157 647
182 385
365 649
0 399
486 412
435 297
229 5
347 252
200 149
294 586
301 621
439 347
57 331
280 526
4 403
90 340
230 536
296 589
320 329
223 141
170 418
127 251
214 50
353 735
353 724
322 300
230 540
168 523
437 301
356 692
384 232
171 439
136 235
133 246
354 541
350 163
171 449
39 401
0 400
332 246
57 330
157 777
295 587
482 348
492 410
248 494
222 580
326 146
299 601
47 340
67 360
122 257
194 248
283 532
83 346
355 530
302 651
433 295
321 310
274 504
353 729
178 398
326 366
221 582
448 362
362 187
259 473
195 255
191 750
352 258
364 198
346 776
224 18
451 368
61 371
342 246
147 218
235 526
80 305
215 34
171 459
472 399
143 293
147 774
9 383
444 310
280 115
354 723
324 347
448 363
474 342
148 288
13 410
188 756
256 1
325 352
451 319
331 384
464 388
421 275
187 370
202 736
7 368
302 645
342 413
169 420
72 315
442 349
503 394
14 395
197 322
292 81
363 780
198 743
290 47
445 351
343 440
508 376
347 715
361 622
335 763
473 400
142 757
362 673
216 71
438 346
409 322
285 130
133 303
224 94
162 555
311 734
159 721
347 157
367 275
229 104
38 349
256 481
237 524
165 539
229 541
228 7
391 244
356 174
209 698
199 277
377 761
426 334
156 632
356 697
499 372
200 315
214 633
299 598
454 322
346 450
161 185
14 364
429 336
332 386
34 407
225 95
190 154
188 755
286 130
53 381
374 776
473 401
368 750
162 573
403 258
202 148
208 678
354 170
470 338
180 390
279 522
199 149
75 352
172 450
290 569
205 148
487 351
253 486
345 444
335 393
3 395
502 402
99 333
161 186
208 723
339 245
166 170
355 738
39 400
157 636
275 505
353 542
70 355
160 743
387 235
363 197
282 126
34 352
119 315
193 343
360 182
350 578
344 443
461 326
319 745
379 773
168 262
486 410
363 671
10 382
309 731
29 354
289 132
69 356
144 769
225 563
266 478
7 374
379 225
305 695
192 239
195 245
355 597
16 410
234 528
193 342
346 249
199 282
280 104
55 379
351 490
172 413
167 529
426 283
289 34
461 382
295 583
350 706
210 656
69 357
217 78
266 477
206 726
292 573
486 351
311 733
1 400
260 468
424 281
352 485
319 143
397 250
465 330
343 419
340 246
221 581
287 28
155 777
317 742
406 318
164 538
149 776
166 530
254 484
132 303
421 276
231 535
425 334
370 280
355 699
223 92
361 680
98 283
162 553
472 398
185 764
271 495
280 112
67 359
487 412
162 739
225 97
183 384
293 69
410 265
374 218
353 703
349 471
69 318
353 702
384 231
281 102
295 588
2 396
172 259
374 219
364 662
170 440
292 79
309 140
354 169
123 311
291 55
274 503
163 778
323 318
263 466
51 384
167 780
307 724
180 248
307 723
359 180
142 226
161 586
349 254
215 628
260 472
166 172
344 418
365 200
196 256
326 272
334 245
68 319
194 242
14 394
99 281
446 357
357 175
185 375
253 485
159 188
349 577
347 714
257 478
327 264
219 29
306 721
213 646
349 567
178 251
30 354
289 33
361 681
378 772
78 307
3 394
183 767
199 742
284 17
359 181
198 319
211 145
358 688
414 326
285 543
195 249
255 1
205 728
367 206
201 148
157 274
489 411
200 302
364 648
351 547
361 632
470 396
148 287
350 716
354 596
16 396
17 362
330 146
398 309
367 276
78 308
12 411
361 781
157 625
327 267
156 626
438 345
353 507
8 404
95 337
322 332
406 319
169 519
225 14
467 333
353 594
138 233
218 82
280 107
404 258
200 300
323 296
322 306
345 154
233 110
289 87
175 406
321 330
222 22
305 674
198 150
360 684
191 239
99 282
145 222
324 346
229 4
340 770
359 608
155 277
340 769
175 255
171 422
181 246
304 668
220 586
352 259
330 376
279 523
363 663
502 383
360 617
254 483
357 741
35 351
417 272
324 314
358 743
339 767
351 582
352 546
172 436
197 321
215 49
350 707
223 21
181 388
223 577
443 349
281 116
4 393
207 672
165 549
7 387
279 111
279 14
15 363
340 150
467 334
250 491
246 500
10 381
352 728
291 39
143 763
352 717
219 28
141 227
294 580
303 652
152 281
509 373
271 8
186 761
377 757
324 285
234 113
199 275
162 570
290 56
304 696
156 198
201 738
161 568
167 169
222 578
118 315
188 368
343 414
493 411
320 324
177 157
364 670
466 332
316 739
157 746
290 133
216 627
221 26
154 748
504 399
326 354
157 631
164 535
162 567
186 371
305 710
348 463
190 751
265 473
289 567
202 735
327 363
174 409
164 177
494 371
357 742
339 768
160 728
220 88
345 155
353 483
288 560
472 341
176 160
281 529
39 349
460 326
379 226
163 571
157 638
278 521
208 671
287 555
305 139
363 271
248 493
243 505
474 402
10 410
144 770
355 602
81 347
190 238
162 268
489 353
361 184
42 396
347 452
437 300
284 18
158 193
72 314
149 216
231 534
363 270
354 536
246 0
284 542
349 709
369 778
507 375
376 774
151 211
65 365
218 603
4 371
361 745
78 349
363 672
378 762
16 394
217 602
163 178
158 637
292 68
122 256
196 744
100 333
284 97
161 732
308 725
355 172
364 667
226 10
215 632
163 565
355 535
290 35
234 111
217 79
359 685
266 5
170 473
323 344
297 137
325 284
106 272
142 293
292 67
349 778
20 360
228 6
154 776
176 158
173 412
146 752
18 411
182 387
203 734
168 166
288 32
180 392
216 621
468 392
199 301
304 138
321 144
245 1
342 152
11 411
474 403
432 293
46 342
82 347
167 168
288 132
190 349
84 346
41 346
284 129
12 379
490 410
10 406
446 353
210 699
301 644
176 403
221 142
66 363
273 500
137 235
225 17
355 698
193 153
366 202
158 272
83 300
495 411
360 183
352 589
346 451
175 161
198 278
234 128
334 391
63 368
138 297
53 382
88 341
291 82
286 90
347 776
228 137
238 518
355 171
332 388
13 362
376 756
321 331
261 469
12 366
351 493
15 393
111 322
333 390
346 250
127 252
154 200
318 142
410 322
160 742
184 379
354 529
289 566
354 700
191 749
172 437
187 239
373 284
340 407
171 163
291 42
210 146
283 98
169 502
326 278
209 659
168 508
267 481
228 552
98 284
188 238
290 43
372 777
46 341
497 370
183 243
326 353
162 566
196 272
388 237
362 780
256 480
231 3
272 499
335 397
373 283
163 267
328 265
397 252
169 494
336 398
166 780
316 742
171 423
171 781
480 346
217 591
2 397
240 516
325 348
181 155
357 177
330 248
224 93
188 366
162 569
21 411
258 3
198 273
172 414
146 753
222 24
331 757
354 737
309 728
198 320
351 717
285 548
370 778
32 353
212 653
65 364
162 182
204 731
215 54
478 345
360 621
204 730
287 559
462 382
234 529
464 328
177 402
159 271
159 191
196 332
345 449
232 133
349 464
155 276
336 400
500 363
444 311
422 332
447 360
455 378
36 351
331 758
328 266
343 416
307 140
164 267
352 489
339 406
335 762
305 669
357 691
153 206
183 242
366 748
140 230
269 485
157 617
232 2
46 390
160 270
101 278
13 399
195 333
186 374
389 241
189 753
465 329
207 677
150 750
324 295
21 357
311 141
220 583
197 744
161 589
410 264
459 325
296 137
431 291
246 497
226 100
353 590
157 627
428 336
375 220
186 762
300 620
327 355
321 307
157 702
306 139
27 356
342 410
297 596
456 377
110 323
267 6
445 358
216 144
224 574
133 243
291 572
7 377
371 214
358 179
359 743
344 247
159 727
232 533
356 603
157 273
365 201
22 358
100 280
245 502
196 323
16 362
306 689
201 737
283 100
330 250
136 240
218 615
276 509
340 149
13 400
366 203
341 771
105 272
351 165
322 320
183 382
228 546
125 253
185 378
350 472
498 377
145 221
498 410
173 160
160 731
442 307
158 616
353 168
209 719
411 266
258 477
204 147
203 147
351 586
456 375
392 244
168 167
178 250
347 158
4 391
475 403
173 426
168 781
321 323
351 164
300 602
158 720
288 565
293 78
445 352
415 326
370 750
199 318
355 739
234 116
290 65
350 550
268 482
343 774
156 634
358 687
353 167
170 441
277 13
189 754
223 91
180 247
211 654
370 279
501 382
454 371
362 189
200 287
368 207
217 143
257 479
235 527
194 246
270 8
173 435
198 274
200 739
176 405
482 405
421 275
320 143
1 400
152 281
164 535
185 764
274 10
343 416
445 358
83 301
163 572
291 570
118 315
293 69
61 371
217 590
158 192
20 360
154 205
229 545
133 303
367 206
16 410
354 701
151 749
279 111
377 774
322 300
156 746
353 544
477 345
175 254
290 38
366 203
211 655
355 535
191 153
186 762
371 214
232 533
156 642
161 268
66 363
352 589
208 671
289 567
193 153
281 15
322 343
170 441
340 407
153 279
5 403
269 487
289 132
348 716
148 750
301 644
284 97
288 132
357 175
199 301
271 495
216 600
289 85
303 652
180 390
280 526
353 167
412 267
359 743
291 39
277 513
17 362
245 1
7 377
323 144
287 28
161 733
403 258
194 242
126 253
75 352
409 322
361 632
421 276
354 720
344 418
349 471
497 370
358 178
365 200
156 626
171 423
292 575
439 347
172 424
196 272
327 264
14 363
167 169
297 595
404 258
271 8
343 247
323 750
321 144
257 479
280 14
350 162
230 540
170 440
47 340
319 143
322 320
149 776
360 621
360 183
357 689
461 326
199 277
165 173
343 414
499 373
457 379
361 680
442 307
355 171
342 246
35 351
290 568
66 361
200 287
318 142
157 274
486 412
267 6
224 564
355 738
271 492
161 741
326 146
257 478
361 622
336 398
354 529
46 342
160 603
171 439
355 597
204 730
294 582
190 238
346 451
332 388
163 556
233 530
422 332
69 357
291 83
349 567
351 481
345 155
256 480
10 377
172 258
331 758
159 272
148 287
160 590
370 750
14 364
199 318
189 365
283 98
412 266
323 749
305 690
358 743
342 413
200 302
157 636
332 148
299 601
78 307
171 449
502 401
283 538
374 776
183 384
10 406
179 393
176 405
494 372
488 411
321 307
363 663
180 155
173 160
473 400
456 377
199 275
302 645
311 141
9 385
353 702
322 312
353 594
189 753
195 338
358 179
353 507
157 656
309 731
216 592
442 349
350 472
193 342
168 166
170 473
165 539
368 207
280 104
158 193
472 399
225 563
503 391
296 137
57 330
195 249
270 488
332 386
180 392
260 3
344 441
352 497
389 241
474 342
285 92
166 172
323 299
99 282
327 267
95 337
183 243
188 238
175 255
207 677
351 547
379 226
361 681
291 133
428 286
336 400
122 257
353 725
210 657
183 242
335 763
227 554
171 162
24 358
235 526
217 601
195 152
164 266
162 182
429 336
166 780
352 494
372 215
145 221
339 405
359 181
268 6
500 373
140 231
34 352
174 160
470 396
150 750
423 332
164 177
498 378
171 163
258 476
210 699
354 596
280 112
347 776
451 319
111 322
146 753
433 295
168 167
218 603
323 345
322 306
209 698
406 318
369 210
172 458
352 717
29 354
159 727
281 102
322 332
388 299
431 291
162 184
330 250
255 1
447 361
371 212
208 724
264 472
195 243
472 341
162 573
265 476
31 353
410 264
160 270
197 150
221 582
358 607
406 319
287 559
285 548
295 588
288 565
290 133
345 154
351 493
384 231
288 32
10 382
170 493
288 560
289 566
363 780
169 502
170 419
321 310
280 524
306 139
278 13
372 752
101 277
14 363
98 284
38 349
264 5
330 248
468 393
161 589
350 581
153 209
198 274
340 770
290 65
191 239
352 728
486 351
365 748
234 528
155 277
186 371
99 281
473 401
176 158
306 721
237 524
425 334
162 555
357 742
127 252
117 260
499 405
477 405
3 395
286 130
143 768
279 14
417 272
142 225
100 280
294 586
368 779
155 777
56 376
277 517
327 367
196 332
347 452
279 523
281 103
327 355
45 392
119 260
361 184
354 700
296 589
282 15
157 631
438 346
502 402
145 222
208 687
285 93
344 443
183 382
440 347
256 481
162 734
150 214
340 408
217 616
215 628
199 286
334 245
351 490
171 442
153 748
254 0
392 244
347 251
105 272
353 590
100 279
187 369
208 678
156 655
168 781
304 661
147 219
387 235
190 349
332 246
84 346
363 638
324 285
283 532
172 259
282 530
202 736
157 777
4 393
179 395
153 206
141 229
164 550
500 363
158 637
269 485
91 340
465 330
409 264
366 748
12 366
184 379
350 578
101 278
157 617
187 370
192 346
187 757
295 587
178 250
358 687
213 641
340 769
220 583
208 723
177 402
198 273
0 400
295 585
331 385
350 778
90 292
272 496
362 780
195 333
307 140
4 371
502 390
67 359
78 349
202 148
360 617
360 182
426 283
194 248
301 621
166 170
168 503
157 647
287 22
368 208
323 344
90 340
53 381
99 333
172 414
289 87
328 265
7 388
176 160
483 348
213 646
243 505
267 481
155 276
348 463
339 406
503 394
273 10
8 401
359 608
485 409
504 395
199 149
353 542
151 212
67 360
341 771
428 287
495 411
123 311
418 272
362 637
161 586
338 404
154 748
309 140
372 216
296 594
372 777
218 589
212 653
193 343
361 745
16 362
424 280
274 503
268 482
448 362
199 743
433 294
160 269
357 177
178 251
304 696
366 202
282 125
45 393
254 483
181 245
306 675
358 606
147 773
188 755
281 527
171 781
356 173
88 341
254 484
374 219
353 724
470 338
364 198
353 483
228 546
321 331
489 411
279 522
346 249
352 258
180 772
273 500
359 180
247 496
7 368
214 640
186 374
190 751
455 373
354 169
159 604
157 273
374 284
367 204
147 774
458 379
156 646
339 148
344 417
472 340
157 702
223 575
354 736
103 275
331 757
479 346
164 175
342 152
83 300
348 713
259 475
165 779
339 768
367 275
103 274
198 743
231 535
159 191
286 20
9 383
349 708
191 750
173 412
217 620
470 337
133 243
244 503
178 398
454 322
181 155
368 750
172 425
171 415
169 509
187 239
324 295
327 373
21 357
7 374
424 281
160 728
154 776
373 284
218 615
181 388
157 625
349 577
351 586
256 1
168 262
34 406
347 252
142 757
201 148
156 651
149 215
220 586
218 588
164 267
445 352
305 720
138 298
181 770
200 149
334 391
209 658
284 539
487 351
497 376
352 587
195 255
353 703
21 411
227 553
363 190
168 508
344 774
136 235
339 245
250 491
284 128
89 341
267 479
169 420
327 271
72 314
180 771
455 374
502 375
470 395
362 189
464 328
490 410
216 621
354 511
350 477
346 450
364 670
353 719
158 778
159 188
142 226
466 331
174 410
157 692
349 254
375 756
183 767
333 246
253 486
11 411
7 387
398 309
456 375
333 390
185 375
361 186
160 742
365 649
223 577
422 277
247 495
235 527
415 326
351 165
84 345
376 774
289 34
130 248
270 8
337 401
158 693
459 325
346 776
493 411
209 719
132 303
354 723
421 331
261 4
30 354
232 532
158 616
500 364
376 756
392 245
324 750
384 232
467 334
473 342
191 749
302 651
363 197
57 331
171 472
375 220
146 752
495 368
349 464
324 346
288 29
316 742
135 236
321 321
138 233
323 296
284 94
169 519
354 536
343 774
281 529
352 546
285 130
162 553
330 383
306 722
388 237
312 142
454 323
157 196
462 382
275 505
203 732
182 385
32 353
163 267
464 384
348 454
349 709
351 582
286 549
357 691
94 337
231 534
10 381
347 453
422 278
351 717
180 248
354 595
188 756
388 298
206 726
286 21
9 368
215 632
196 744
173 411
163 571
263 4
160 743
190 752
356 697
185 378
279 108
347 158
328 266
305 139
501 381
78 308
150 284
200 739
360 684
344 247
295 583
324 314
323 315
258 477
480 346
290 56
19 412
281 124
391 244
4 391
362 633
162 569
34 407
496 370
490 353
3 394
293 135
11 366
194 152
152 749
379 225
291 572
338 403
202 735
158 272
355 699
398 310
200 315
174 409
414 326
185 763
293 576
27 356
100 333
456 325
205 728
377 761
208 660
327 259
253 485
354 170
362 187
307 723
251 489
161 740
323 318
224 574
172 413
489 353
311 734
378 772
194 241
79 349
182 154
7 401
201 737
278 521
149 216
266 5
354 522
353 735
152 282
290 35
170 418
259 473
304 668
157 650
444 311
374 218
12 379
167 529
191 347
353 718
159 721
80 305
352 489
142 762
299 598
188 368
33 352
196 256
68 319
68 318
504 399
177 157
443 349
203 734
153 280
502 383
347 714
203 147
0 399
23 410
168 523
293 78
352 259
468 392
348 710
165 174
447 360
460 326
216 627
144 769
304 138
333 389
324 347
432 292
192 239
51 385
357 741
285 543
138 297
487 412
173 435
286 90
291 42
305 669
74 352
300 602
450 365
133 246
157 627
320 329
81 347
437 301
197 272
162 570
290 43
308 725
353 168
326 366
251 488
359 685
39 400
163 778
289 33
187 760
345 444
137 235
297 137
351 549
340 246
284 17
228 552
428 336
36 351
243 513
494 371
142 293
51 384
194 246
53 382
454 371
272 499
143 293
359 686
199 316
282 531
266 477
319 745
362 679
258 3
111 323
190 360
230 536
308 727
200 300
42 346
162 566
291 48
158 701
364 662
284 18
311 733
300 620
283 100
364 199
498 409
200 741
41 346
144 770
355 698
472 398
55 379
475 403
150 213
40 347
180 247
225 561
226 555
194 339
161 732
233 531
178 157
39 401
353 729
304 709
353 781
326 272
270 491
319 744
364 667
348 159
387 236
106 272
48 340
492 410
265 473
141 227
56 377
212 647
292 573
426 284
156 198
438 345
292 79
501 382
157 716
171 459
191 348
157 194
361 781
363 271
451 367
466 332
156 632
364 648
8 404
40 348
229 541
345 449
446 353
178 396
451 318
454 372
293 579
355 521
335 397
498 377
39 349
246 500
362 745
12 411
82 347
497 375
354 508
209 688
309 728
46 391
199 282
197 322
373 283
444 310
291 55
42 397
162 567
114 263
138 234
237 520
15 363
451 368
140 230
201 738
276 512
370 778
277 13
369 778
364 641
171 417
274 504
474 402
373 776
151 211
360 682
156 634
198 320
131 248
2 396
326 278
135 239
280 107
166 533
222 578
164 551
29 412
298 138
197 744
46 341
320 324
183 766
482 348
177 399
282 126
499 408
13 410
161 186
63 367
356 604
435 297
26 356
234 529
456 378
280 115
198 319
165 549
157 638
377 757
172 450
420 331
266 478
162 739
22 411
248 494
168 520
343 440
303 660
63 368
210 718
442 308
248 493
226 560
171 438
284 542
184 381
341 772
330 376
307 724
432 293
353 484
19 413
205 729
127 251
355 602
163 181
327 363
167 524
61 370
397 250
435 298
278 518
354 541
207 672
321 323
356 603
378 762
83 346
328 258
148 288
22 358
27 410
342 410
98 283
110 323
439 303
125 253
439 304
326 353
359 616
292 81
172 437
90 293
173 426
198 150
161 185
46 390
337 402
164 538
325 348
388 240
326 364
210 656
286 554
355 512
260 472
18 411
350 707
65 365
485 408
162 585
467 333
192 344
474 403
355 739
181 389
186 761
426 334
350 550
294 580
240 516
328 252
404 259
369 209
334 392
486 410
10 410
150 285
493 370
166 530
167 780
350 566
162 268
171 422
69 356
340 150
499 372
169 262
325 145
158 717
325 284
209 659
69 318
72 315
370 280
349 778
352 545
364 650
240 515
71 355
55 378
17 411
349 255
310 141
306 689
353 498
287 555
410 265
250 490
80 304
335 762
326 354
316 739
143 763
297 596
350 163
375 221
157 635
351 478
362 673
346 250
122 256
363 640
245 501
119 315
160 731
294 135
351 164
159 612
275 508
181 769
176 403
136 240
343 152
217 602
147 218
209 722
290 47
437 300
245 502
65 364
286 91
397 252
331 384
461 382
291 82
292 67
348 160
189 361
198 281
175 406
167 168
4 403
217 591
157 641
114 264
197 321
340 149
321 330
496 369
246 0
352 726
164 779
498 410
378 773
343 419
330 146
450 366
172 436
157 746
211 654
463 328
182 387
154 200
325 279
159 271
196 323
158 720
356 692
445 351
322 319
281 116
411 266
365 201
246 497
284 129
448 363
325 352
194 341
169 494
290 569
181 246
163 565
305 674
238 518
158 613
363 666
305 695
356 174
324 145
322 311
186 239
465 329
350 716
214 633
370 279
204 731
305 710
347 715
339 767
371 777
163 178
354 737
22 358
355 530
195 245
355 172
189 754
410 322
242 513
292 68
198 278
190 154
273 502
379 773
188 366
389 242
446 357
175 408
244 504
175 161
352 485
431 290
367 276
363 672
372 753
268 484
358 688
317 742
238 519
199 742
363 270
276 509
496 410
70 355
124 311
478 345
363 671
222 580
221 581
19 360
161 568
347 157
2 397
206 727
335 393
350 706
42 396
364 779
464 388
455 378
156 197
638 441
538 974
422 729
286 391
523 808
260 968
226 832
542 952
468 945
226 834
470 341
436 831
680 505
293 919
524 814
281 407
247 540
510 929
450 925
418 719
244 525
255 317
499 569
302 826
262 966
224 889
521 845
107 443
522 843
349 639
506 625
306 817
184 386
244 553
509 880
473 951
225 884
224 816
299 859
437 905
208 366
431 809
234 699
226 815
224 780
462 388
230 714
528 942
680 507
192 380
437 845
275 943
666 488
277 431
641 454
606 418
225 792
508 747
100 448
515 763
510 750
506 327
404 667
330 685
383 602
319 729
225 838
431 784
226 857
262 483
305 816
435 820
501 574
586 405
438 844
528 348
278 312
239 659
301 827
487 511
167 399
493 553
226 802
497 566
339 662
269 301
520 981
240 982
431 787
223 348
225 850
246 534
223 347
431 801
509 881
280 330
462 416
401 661
251 513
467 355
464 394
112 439
557 376
225 791
502 726
252 507
426 748
439 848
446 923
211 364
593 410
387 615
432 803
138 423
432 790
309 790
330 680
285 348
525 940
678 502
243 631
416 714
224 861
284 403
248 546
523 838
507 685
523 839
469 458
298 845
272 948
389 618
505 606
576 395
232 698
515 334
234 337
300 909
225 853
314 741
491 309
677 500
267 959
229 742
640 444
281 329
300 910
220 352
214 976
482 500
224 777
431 802
270 951
508 903
233 711
498 568
469 350
508 607
287 377
225 833
444 915
278 429
507 606
87 468
449 925
616 423
237 690
432 795
226 882
269 956
509 927
224 828
631 436
247 980
451 927
516 861
359 616
238 332
703 517
507 902
237 683
634 439
515 762
264 303
536 357
684 508
512 870
203 958
656 477
174 394
329 685
349 637
303 824
225 835
292 923
420 726
669 491
463 402
276 432
517 860
284 343
521 844
245 552
226 886
225 780
437 846
308 805
325 698
582 400
224 804
509 665
211 365
243 330
238 981
505 621
351 632
227 801
470 457
543 971
485 506
299 834
474 953
233 695
306 819
96 453
311 745
225 789
280 323
431 797
530 351
234 719
280 322
237 685
224 789
235 692
493 527
413 710
392 633
224 858
435 830
227 905
208 970
404 666
245 530
432 785
463 385
225 830
539 359
510 673
563 381
451 926
225 784
247 981
217 357
436 875
510 879
224 817
423 733
499 898
351 634
481 499
243 627
324 705
532 943
647 463
312 743
627 432
354 625
643 456
80 477
224 899
400 656
570 390
250 979
352 630
486 508
245 551
223 807
225 802
224 895
535 947
697 515
299 839
157 408
178 391
457 935
316 738
286 933
502 583
280 328
464 400
533 977
226 888
410 689
224 890
302 879
154 410
520 341
225 851
486 966
243 624
245 565
431 807
314 758
506 738
313 758
278 303
411 693
345 649
694 512
230 919
263 963
230 338
311 750
287 363
513 869
383 605
299 862
145 419
501 320
403 665
412 698
317 733
438 869
97 452
519 782
630 436
313 741
433 811
283 405
512 876
267 470
554 373
225 804
437 872
521 804
463 377
230 738
651 468
480 492
475 473
511 759
562 381
206 968
223 797
225 789
432 793
242 621
227 775
226 345
254 505
311 752
226 891
642 455
425 748
479 489
227 902
394 634
225 863
239 665
716 514
125 430
243 649
538 950
437 895
232 711
504 601
497 316
80 475
204 958
505 624
494 974
224 843
231 920
225 786
507 914
711 517
385 612
431 794
210 945
95 454
275 435
542 973
174 393
274 300
447 924
501 579
519 795
209 947
614 422
273 299
521 834
555 373
280 416
300 843
219 355
226 883
230 921
244 529
224 865
607 418
508 681
235 336
225 816
529 943
398 650
474 952
238 670
724 500
514 934
185 386
286 934
163 402
502 713
232 695
370 601
292 920
201 372
507 740
248 324
437 868
225 840
312 742
81 473
509 748
437 900
697 518
486 507
408 689
508 911
431 799
646 459
270 299
225 900
286 374
232 717
270 949
506 912
326 697
328 694
243 651
500 575
502 978
547 366
497 567
280 337
324 708
483 500
719 508
213 362
407 678
286 362
431 791
462 405
226 847
281 324
300 836
295 917
492 310
321 722
465 371
226 837
234 978
337 663
233 717
190 381
524 809
609 420
229 933
469 445
496 975
654 474
371 600
307 806
660 479
466 944
301 829
441 914
509 680
278 426
246 548
487 309
346 647
284 401
522 833
520 854
428 750
224 786
281 338
469 342
226 842
280 415
224 900
242 650
503 712
491 972
265 476
520 846
370 602
238 980
224 813
431 806
471 325
211 973
216 358
246 982
508 904
274 438
310 754
284 353
234 710
254 502
308 796
382 601
341 654
500 578
230 340
333 671
482 961
237 686
457 937
467 438
225 938
311 788
216 942
346 649
226 898
299 842
227 978
274 946
392 632
505 901
224 866
430 757
258 491
274 301
508 917
77 479
500 900
254 317
507 625
274 944
287 373
389 622
279 305
301 904
210 946
471 333
526 346
229 919
661 480
236 682
267 302
238 666
259 971
225 868
411 697
438 901
382 600
82 474
365 607
152 411
79 477
543 958
243 652
244 555
300 858
323 721
419 720
657 477
305 814
471 317
344 650
86 468
448 924
477 485
318 730
261 484
195 379
277 430
170 396
242 630
226 977
248 979
320 726
535 356
494 311
522 805
225 858
524 807
591 408
468 440
281 336
500 896
275 434
224 848
169 397
502 592
412 703
279 419
390 623
225 778
240 654
504 620
229 341
252 319
256 494
322 720
224 851
276 433
310 751
507 885
242 628
247 326
300 840
507 610
269 300
386 612
153 411
460 938
224 853
463 401
463 392
312 756
505 612
475 314
211 972
489 971
290 928
273 946
505 614
520 936
260 309
505 738
225 806
368 603
508 924
263 306
368 605
300 853
280 936
155 410
443 919
381 601
224 860
225 865
242 625
350 635
249 324
474 314
391 629
522 980
518 860
317 737
493 973
306 814
490 514
455 933
495 974
240 639
521 981
679 503
667 489
581 399
281 326
210 365
458 937
500 580
224 845
278 304
231 714
510 928
229 934
476 483
291 924
286 395
516 934
225 814
438 893
270 460
438 871
242 330
235 693
659 479
507 327
483 502
204 957
520 801
507 912
323 709
385 610
236 687
233 720
104 445
529 349
519 855
326 695
504 616
259 969
496 976
151 413
480 308
533 353
487 967
235 673
529 979
315 738
516 764
223 812
309 795
205 950
436 891
460 408
682 508
101 447
236 680
537 975
224 814
523 833
225 892
195 378
612 420
247 325
487 968
510 655
306 816
281 409
223 818
723 502
356 623
495 525
225 894
453 929
642 456
226 864
224 791
108 443
263 964
546 366
146 418
504 732
282 406
286 381
516 774
350 641
304 821
105 445
220 351
640 449
224 846
213 361
261 968
224 870
507 738
225 346
653 470
474 473
350 643
198 375
453 933
473 316
225 828
504 688
129 429
245 522
151 412
235 979
614 423
177 392
325 704
172 396
224 346
284 345
401 659
524 806
503 691
527 348
542 957
356 622
462 386
524 842
226 849
278 309
226 896
432 800
651 466
470 326
462 415
225 799
523 805
722 496
224 836
725 499
507 621
647 461
364 611
200 372
246 550
224 841
95 457
218 942
500 977
354 629
223 823
358 618
280 325
252 509
700 518
276 301
226 803
464 434
471 335
505 326
250 516
241 654
331 679
438 898
518 781
498 977
523 342
217 358
465 395
223 795
509 925
305 817
225 853
429 752
604 416
287 385
384 606
230 740
506 613
236 679
224 868
331 674
224 855
524 832
532 353
696 513
508 609
543 972
505 886
251 510
514 762
91 462
284 935
589 405
246 566
508 638
706 516
342 653
440 910
486 308
225 843
225 845
501 572
257 494
721 506
300 838
191 381
286 378
437 899
226 790
501 321
437 870
422 737
226 343
438 896
341 659
247 545
223 787
224 835
514 334
226 844
520 339
301 878
74 484
494 554
256 497
664 481
225 848
263 479
300 830
281 414
298 912
287 382
236 684
358 619
350 640
432 805
350 636
287 370
280 327
510 757
431 804
476 310
436 840
422 732
224 794
244 595
267 466
336 664
438 873
408 683
225 889
475 482
468 356
248 536
222 977
311 781
166 400
523 980
235 676
501 581
268 464
260 310
138 424
224 897
397 645
224 833
306 821
388 614
653 475
267 960
242 632
175 392
411 695
500 897
430 780
440 909
380 595
441 911
225 848
671 494
653 469
417 719
232 720
523 843
335 668
280 410
349 644
342 651
294 918
97 453
226 829
224 892
165 400
467 353
259 492
366 606
575 394
718 508
432 808
226 854
227 881
225 885
716 516
286 390
281 417
629 434
262 480
724 497
438 842
360 615
506 885
225 866
288 931
362 613
225 863
508 882
243 621
654 471
646 460
247 542
639 450
88 466
507 916
529 350
399 655
285 400
507 611
269 952
287 392
131 428
648 464
496 313
521 837
362 615
225 787
226 785
353 629
470 446
264 477
641 453
497 976
514 865
536 976
674 498
506 685
505 622
704 516
252 321
294 919
524 817
89 466
291 925
287 930
357 621
228 914
225 855
225 890
204 369
94 458
296 914
530 978
522 838
226 839
280 408
280 339
94 459
496 315
224 850
228 770
236 336
480 493
510 878
413 704
524 815
229 915
240 632
471 948
259 312
524 979
360 614
149 415
279 308
467 437
357 620
300 833
591 407
409 694
208 947
248 517
243 641
399 654
707 517
300 856
302 903
265 962
289 928
602 416
312 774
224 838
581 398
538 359
246 576
468 351
513 866
535 357
229 342
421 725
480 958
268 465
468 946
286 364
87 467
504 886
232 923
541 973
496 558
505 913
463 943
524 939
248 541
503 889
224 840
237 681
157 407
339 661
467 358
506 611
302 825
255 498
464 396
228 759
679 504
299 864
286 361
239 981
414 713
271 459
286 383
230 741
286 393
231 337
287 394
511 758
674 497
349 642
527 942
243 646
243 644
506 615
122 434
262 965
240 658
300 855
259 311
225 887
596 410
244 527
465 359
266 475
226 779
468 439
649 464
297 912
91 463
304 815
323 719
470 336
492 519
232 929
242 626
226 862
423 739
272 453
279 313
287 389
464 393
320 723
510 644
264 476
501 894
473 950
487 509
509 656
281 412
312 780
163 403
224 778
507 623
374 594
524 840
494 556
248 543
305 819
338 663
508 626
226 793
215 943
265 303
158 406
530 352
437 902
492 973
225 843
652 468
432 798
226 859
403 662
205 966
428 751
300 860
417 717
194 380
507 741
395 639
123 432
515 865
224 830
525 344
508 910
268 958
437 843
310 746
437 904
225 897
295 915
241 639
505 325
503 731
280 937
286 396
485 504
249 517
717 509
519 856
301 865
212 943
464 432
279 321
225 858
522 939
89 465
245 594
725 501
333 672
397 650
225 831
475 953
237 678
432 788
668 489
520 937
570 388
228 906
248 544
521 802
669 490
223 938
486 964
224 799
421 728
168 397
225 836
219 353
423 736
260 489
246 533
225 895
319 727
367 606
501 577
286 386
444 918
286 388
469 460
280 332
236 689
237 688
503 727
286 366
466 437
557 375
280 411
513 933
300 841
359 617
380 598
255 501
225 841
327 694
352 631
245 556
411 690
266 302
722 491
117 436
225 777
535 977
299 854
461 389
271 454
229 758
416 716
480 959
508 684
534 355
466 358
268 301
475 312
243 529
224 884
518 776
271 948
402 661
501 571
350 645
296 913
579 396
318 732
521 341
676 499
629 435
306 813
285 354
243 528
459 938
636 439
227 871
230 932
287 365
301 908
246 521
283 404
261 487
299 832
515 864
665 483
286 367
300 863
479 309
463 942
468 352
582 401
509 639
470 469
245 532
226 870
313 773
468 354
423 738
373 597
491 514
518 936
463 391
410 694
161 405
675 499
692 509
654 475
444 919
204 952
237 979
209 970
269 462
506 623
199 375
225 833
476 484
364 610
717 513
250 514
461 404
506 740
465 943
505 687
519 982
572 390
373 595
671 493
483 961
578 396
220 940
348 645
311 744
577 395
102 447
506 613
225 846
323 722
226 788
501 978
433 819
439 866
245 524
522 342
314 739
272 947
343 650
314 773
119 436
161 406
504 901
396 644
506 623
280 413
502 890
334 669
419 723
504 690
500 573
509 643
167 398
526 941
504 605
626 432
236 334
300 831
420 728
492 515
299 857
526 347
516 863
467 944
525 345
224 798
424 740
506 902
130 428
723 497
284 349
406 669
503 593
501 582
506 914
438 903
266 471
74 483
638 442
520 796
473 315
199 373
395 635
434 819
398 655
407 682
257 316
499 318
239 332
81 474
311 747
234 718
492 311
415 713
281 935
464 372
391 631
225 856
390 628
226 893
384 609
232 713
503 887
437 897
429 756
462 406
537 976
681 507
233 698
230 931
257 973
387 616
618 425
242 623
365 609
224 824
685 509
274 436
524 812
148 415
290 926
469 444
209 366
501 895
503 900
312 757
431 796
281 333
518 857
114 439
231 739
499 568
504 737
272 439
335 666
281 331
525 816
225 892
513 932
431 792
460 414
232 736
122 435
77 480
512 758
225 861
575 393
361 615
467 441
286 376
269 463
123 433
540 950
285 346
497 317
225 838
287 380
224 831
285 934
269 460
508 742
470 461
286 369
328 686
311 753
488 968
224 784
263 304
242 645
406 677
410 694
523 813
283 342
264 962
431 789
424 747
225 804
431 781
285 397
273 439
240 331
225 887
465 436
241 331
336 665
505 615
300 861
260 488
510 666
393 634
300 865
506 982
499 899
477 488
481 494
439 907
205 951
493 520
724 502
224 894
286 371
490 972
281 340
227 342
695 512
275 942
721 504
221 976
100 449
509 674
298 851
243 629
300 835
479 491
225 860
463 431
126 430
285 360
507 615
498 318
127 429
664 482
205 369
379 594
242 528
696 514
496 565
501 576
224 885
462 941
439 908
415 712
489 969
286 372
472 316
224 863
221 940
243 622
468 357
505 686
465 435
287 384
225 794
509 909
461 415
535 946
476 311
225 897
531 352
224 792
509 905
701 517
468 442
534 354
361 613
224 887
232 716
665 488
526 940
334 670
224 802
399 651
135 424
268 957
303 822
225 899
226 805
279 425
256 973
224 856
257 314
544 972
638 450
478 489
244 620
470 948
468 443
256 316
205 959
287 387
470 332
506 621
245 577
462 940
206 967
503 600
663 480
677 502
443 914
226 867
120 435
619 425
179 391
396 640
224 806
431 786
507 613
477 309
502 891
437 894
350 638
463 417
287 375
500 893
712 516
532 978
493 523
246 519
307 812
725 498
261 967
509 749
299 837
508 884
400 658
263 478
227 771
286 379
248 539
505 739
369 602
270 461
287 368
142 419
694 511
371 599
446 921
304 818
464 376
146 417
540 974
