318 841
21 443
264 926
336 178
483 713
445 900
293 198
486 631
712 441
408 126
415 22
712 444
488 981
461 200
441 868
490 706
311 193
597 385
407 130
432 189
126 407
455 456
183 373
626 410
243 966
404 141
467 727
327 186
272 730
417 182
708 465
22 441
37 457
259 315
481 608
320 829
265 710
239 332
424 807
257 604
326 44
296 961
340 153
480 764
315 926
255 614
457 375
384 700
479 909
270 913
482 309
248 326
170 305
44 454
366 643
256 658
278 872
437 851
172 303
260 590
457 349
13 478
550 359
42 421
291 322
430 189
455 404
458 435
648 430
281 439
578 375
356 692
439 856
334 735
447 195
269 723
118 412
575 298
552 360
671 389
188 292
158 312
272 478
465 496
711 468
315 933
484 216
435 844
721 480
331 36
256 937
483 720
16 457
20 448
262 313
255 667
348 1
413 746
369 627
291 332
495 951
721 466
280 440
326 113
415 20
488 648
272 906
405 136
374 658
462 482
408 728
476 714
709 437
152 390
273 469
285 399
33 427
637 419
447 980
268 309
277 871
322 822
687 448
284 969
272 474
475 981
408 720
478 908
426 75
470 512
52 411
281 299
147 393
218 348
389 714
358 686
692 414
257 699
456 423
470 736
286 400
256 646
62 444
425 97
488 929
363 671
280 890
467 728
424 99
695 419
334 141
245 328
489 687
367 639
456 459
114 414
488 669
353 707
137 328
453 199
457 328
410 739
267 716
245 947
276 734
457 396
241 330
491 316
477 305
285 413
332 183
455 415
274 468
128 336
102 422
563 367
269 482
5 484
297 197
326 45
270 759
258 702
473 744
454 337
518 333
725 475
489 700
414 123
331 791
405 720
485 640
304 196
488 708
456 374
419 106
117 412
257 600
730 488
92 371
484 721
683 447
277 867
455 457
320 833
479 763
632 415
336 728
491 938
471 311
412 180
585 380
274 466
492 979
521 257
110 416
486 641
133 402
583 378
483 727
270 808
250 942
287 201
33 461
189 292
412 41
213 267
442 964
273 741
567 369
415 755
41 455
485 922
317 844
368 2
175 301
385 701
482 915
264 217
491 935
482 614
426 95
587 308
326 808
333 140
504 324
473 746
690 451
486 923
342 166
328 40
321 823
271 480
636 419
147 320
415 182
116 348
558 363
167 382
478 602
425 67
418 183
366 650
642 423
442 962
1 484
696 421
411 742
78 384
580 302
476 208
711 440
443 884
260 689
415 752
409 733
523 337
564 291
456 417
478 756
329 799
243 969
477 208
415 123
277 451
476 982
53 409
449 196
388 713
174 380
255 626
524 337
25 435
115 414
335 729
261 549
417 770
285 969
407 12
379 689
260 591
390 3
559 288
331 37
301 196
261 592
196 367
212 267
462 485
456 353
17 453
452 333
482 914
730 482
697 422
313 864
414 181
18 452
438 853
342 162
455 416
429 823
407 723
503 324
194 288
276 302
435 191
609 393
459 464
321 105
323 189
392 715
111 416
435 841
669 441
115 348
483 814
411 180
327 121
425 61
266 970
479 716
314 913
412 35
719 459
411 37
490 316
132 403
475 898
273 473
258 700
257 674
393 4
280 884
313 912
471 516
341 156
314 192
286 202
334 741
479 861
246 945
465 722
434 840
265 971
277 900
463 200
521 335
63 443
53 407
291 361
327 805
522 259
320 190
422 55
317 842
481 913
436 191
494 949
340 173
417 760
404 10
141 325
222 260
165 308
277 204
656 434
315 856
572 296
590 382
475 572
474 307
245 971
493 945
480 606
319 191
322 189
494 946
422 53
441 952
335 734
715 451
108 417
331 132
381 693
466 497
423 804
533 270
323 817
349 711
495 319
561 366
731 487
273 840
409 721
519 254
469 508
397 716
258 697
321 104
134 402
533 345
481 768
225 257
410 124
10 480
80 436
420 48
328 185
608 393
598 316
284 300
140 398
458 328
60 445
368 633
724 473
471 518
159 312
269 769
509 241
256 673
437 192
307 195
445 891
509 242
470 204
725 474
252 228
699 458
292 367
727 487
444 885
275 460
129 405
658 435
354 702
477 905
431 831
267 215
398 6
182 374
466 203
19 474
682 446
580 377
472 530
292 323
243 951
275 465
265 502
410 737
162 385
678 445
714 448
483 916
188 371
487 925
474 207
478 601
416 23
277 971
454 455
189 371
604 390
403 145
439 193
337 723
76 435
489 980
579 302
33 460
557 363
728 479
466 722
403 173
370 626
266 922
167 306
316 932
139 398
405 723
233 336
529 342
291 199
281 426
291 371
273 206
176 301
318 839
394 5
553 285
12 463
377 676
30 464
312 893
381 692
716 454
396 716
277 732
315 852
698 458
338 718
482 778
275 730
471 740
473 715
498 964
373 3
595 384
225 258
472 519
446 979
709 436
254 226
434 190
485 729
190 370
148 320
290 372
498 969
330 795
230 338
497 970
593 382
301 956
332 773
258 679
336 726
266 715
437 848
676 445
416 115
185 373
641 423
282 425
99 423
486 643
292 331
336 31
278 893
367 642
728 478
695 418
129 336
270 728
427 187
438 192
125 407
310 946
495 950
23 438
401 162
339 151
14 476
169 305
479 211
463 487
481 724
69 392
481 832
731 483
338 27
711 439
364 0
310 194
338 12
433 190
333 742
146 394
312 900
387 713
468 507
534 345
272 839
421 52
332 137
202 362
313 939
5 474
330 127
537 273
269 720
282 434
490 980
489 702
269 916
265 924
241 962
456 458
484 722
260 593
289 354
481 309
451 198
315 924
704 463
484 619
326 806
357 691
81 435
428 820
496 320
354 706
468 732
325 46
485 623
411 740
81 382
475 558
584 306
422 803
721 465
308 194
717 456
290 353
136 400
282 436
185 294
427 816
263 217
155 315
482 718
722 468
318 66
423 56
262 518
276 452
1 479
137 400
0 483
365 1
421 102
326 120
456 452
457 460
279 891
468 316
482 831
697 423
541 351
713 445
271 209
468 317
473 546
592 311
692 413
314 863
322 53
479 910
337 29
88 430
426 187
505 236
506 325
122 409
200 281
316 851
432 832
442 968
413 124
404 144
485 920
622 406
428 819
319 65
420 184
420 105
621 406
441 932
288 382
436 847
316 845
421 795
274 206
373 656
268 917
458 327
28 432
276 862
14 460
154 389
443 975
672 443
54 445
105 420
484 919
228 253
321 828
534 270
268 488
274 736
311 892
94 427
256 605
117 346
266 497
470 314
514 330
173 380
413 748
218 263
81 381
260 704
660 435
104 420
192 369
487 313
405 175
372 2
404 719
465 493
439 854
476 573
128 405
482 815
422 800
484 713
285 202
272 747
582 378
262 972
491 979
723 469
318 191
186 294
291 317
25 470
263 313
371 623
520 335
279 883
400 6
152 316
430 824
593 312
499 321
475 715
180 299
611 395
429 821
244 950
120 411
476 597
30 465
605 390
497 320
571 371
452 198
373 645
278 448
417 111
476 896
153 316
25 434
305 195
343 5
271 758
385 710
675 444
226 256
386 712
469 735
469 717
118 345
321 190
456 397
14 461
498 321
587 380
407 128
409 736
424 60
430 826
3 476
657 373
285 301
482 714
443 969
66 394
376 675
168 381
488 699
268 486
481 912
242 965
470 313
281 971
5 473
191 370
375 665
568 294
455 402
313 940
464 721
7 482
162 310
264 925
492 939
724 472
596 384
251 942
444 976
262 548
61 444
269 485
18 451
674 444
295 965
493 224
334 182
241 239
328 803
412 39
501 323
418 110
21 472
279 446
594 312
499 963
172 381
540 351
265 511
355 696
427 76
9 467
471 312
255 659
280 443
13 477
265 711
291 368
223 260
19 449
452 980
96 425
444 901
301 955
409 179
24 436
113 415
490 932
331 787
488 709
319 73
530 342
448 196
312 870
261 589
290 342
325 48
403 147
319 838
269 212
202 277
290 316
285 397
77 436
685 447
268 719
483 615
258 686
456 366
401 170
290 358
101 422
471 739
424 186
665 439
341 167
443 875
278 876
271 909
264 514
636 351
269 309
266 921
487 923
330 184
194 369
554 286
6 471
3 477
427 85
398 717
351 710
377 682
426 815
552 285
460 199
350 710
228 252
475 899
716 474
382 694
417 46
488 926
480 719
353 708
442 194
319 834
15 476
611 396
668 440
682 402
475 207
324 50
456 350
562 366
261 930
574 374
263 517
260 315
655 433
270 210
420 794
290 200
265 923
289 381
723 471
505 325
341 161
574 298
43 454
707 434
117 347
383 697
331 184
353 0
277 449
472 743
486 981
251 228
547 281
489 670
490 934
290 374
589 381
378 686
87 376
474 748
575 374
197 367
346 3
474 547
284 419
476 901
555 361
330 792
367 1
413 181
256 613
420 104
423 57
416 759
372 623
433 835
411 38
291 341
327 124
242 963
405 725
457 445
8 482
253 226
457 451
273 905
649 432
457 340
454 405
266 712
479 759
337 28
626 411
466 719
332 133
588 308
688 450
464 492
334 144
442 931
173 303
694 455
487 644
497 958
291 362
469 204
480 607
338 722
679 446
470 738
321 54
6 472
421 50
108 354
313 869
599 316
668 385
508 327
477 755
312 941
256 627
460 475
279 892
288 390
545 354
711 467
27 432
565 367
269 807
290 360
336 146
476 893
441 193
441 963
464 488
494 224
109 417
498 959
1 480
260 705
9 468
476 897
283 420
267 310
429 188
331 129
322 818
667 440
270 912
256 633
458 444
421 799
378 683
485 632
361 677
376 660
11 480
278 970
311 877
388 3
284 414
263 928
270 308
384 2
319 82
469 733
673 443
551 359
485 628
312 943
325 112
677 397
455 365
15 458
380 691
414 749
373 624
310 945
257 634
37 424
402 172
273 306
410 179
51 447
480 860
722 481
187 372
67 394
177 300
707 433
85 433
20 446
282 300
561 289
266 310
79 384
480 848
22 472
635 351
324 815
275 205
313 193
260 596
360 680
38 424
440 857
728 488
289 304
470 515
402 148
495 977
372 647
41 421
337 725
569 294
324 812
481 777
142 396
416 756
423 806
476 753
453 335
657 372
483 726
425 186
286 301
713 447
142 325
333 138
289 200
403 174
721 479
486 313
290 314
473 531
486 729
168 306
555 286
19 450
370 624
468 729
424 809
484 622
361 679
384 698
269 213
355 701
664 438
474 557
244 970
663 438
480 721
443 919
472 716
454 414
723 484
263 927
492 942
553 360
15 459
476 882
431 827
138 328
340 9
268 918
472 206
686 448
217 348
441 862
175 379
496 975
34 427
340 155
278 895
242 330
267 920
497 974
467 502
373 648
258 696
333 183
444 978
228 339
571 296
453 981
157 387
710 466
424 98
538 273
266 501
496 952
715 450
478 870
267 717
229 338
425 810
428 188
286 408
442 953
487 647
723 483
247 326
475 895
707 465
696 420
271 911
272 825
476 900
336 148
319 60
649 431
241 238
215 265
256 936
266 215
433 837
694 417
487 725
434 838
475 894
444 890
345 713
442 874
286 394
179 299
720 462
341 170
379 687
274 855
468 503
474 308
442 869
477 714
479 605
519 253
300 197
619 336
274 848
404 175
272 971
178 300
438 852
23 440
21 445
244 971
296 198
325 110
505 237
64 443
443 905
477 754
406 131
322 52
38 456
484 918
24 437
244 948
92 370
324 108
730 481
479 210
324 49
267 496
271 308
480 767
374 657
235 334
365 651
155 389
481 847
513 330
89 430
278 447
318 72
461 476
442 920
263 971
383 696
464 720
289 375
109 354
334 181
670 441
427 818
498 962
323 816
271 479
671 388
651 432
499 230
476 750
159 387
276 205
557 288
570 371
419 107
268 718
263 515
477 902
316 927
279 877
201 279
417 114
485 982
17 474
257 678
400 717
320 103
287 393
566 292
467 500
36 457
474 747
705 463
372 646
276 459
70 392
477 876
588 381
482 611
405 140
271 208
337 177
277 896
368 638
383 3
483 917
479 603
454 336
576 375
457 462
273 847
510 328
203 362
496 955
419 790
425 812
236 334
327 804
494 319
405 10
246 972
270 812
477 598
287 391
271 813
413 17
288 201
325 811
387 2
82 435
148 393
202 278
426 813
548 281
421 103
391 714
270 211
100 423
477 600
666 439
486 629
468 717
242 951
326 186
347 711
22 442
695 455
416 122
92 428
461 481
276 866
362 672
445 979
273 904
42 455
279 444
314 935
509 327
402 719
292 199
274 740
521 256
293 967
585 306
257 698
342 714
673 392
480 308
259 598
93 427
418 46
314 938
457 424
359 684
544 354
219 263
151 391
91 428
364 667
382 695
414 751
369 632
259 597
565 292
688 449
406 135
402 171
328 800
145 394
376 668
281 433
24 470
412 743
466 499
478 906
282 424
456 401
340 171
677 396
480 307
232 336
511 244
499 229
726 487
364 658
256 668
591 311
627 411
332 786
490 703
477 881
362 676
485 216
143 396
386 711
267 919
343 6
466 726
440 861
181 374
469 511
481 722
86 376
718 458
336 30
285 409
716 473
419 784
716 452
97 425
425 96
286 396
358 687
517 333
568 369
273 305
272 751
344 713
412 36
321 58
719 461
413 18
226 255
337 176
460 466
314 857
694 416
320 83
216 265
360 683
161 310
483 719
493 943
714 449
478 875
445 194
324 109
420 49
380 690
488 688
119 411
472 741
270 724
52 447
402 161
470 716
340 10
581 377
476 305
722 467
497 956
455 354
333 772
489 930
72 435
292 363
328 42
668 384
479 869
245 946
283 204
273 746
494 977
267 489
482 796
313 901
325 809
275 861
16 456
709 466
496 976
459 465
356 695
278 299
200 282
457 434
560 289
487 728
436 845
339 152
280 970
272 908
483 797
0 481
463 486
276 733
193 288
657 434
542 276
123 409
397 5
281 437
620 336
261 931
395 715
176 379
270 768
329 185
432 834
154 315
418 108
315 934
446 195
289 313
357 688
408 12
271 824
363 668
420 791
481 610
483 618
329 796
468 203
426 86
52 410
522 258
289 357
720 464
131 403
241 952
119 345
365 657
412 745
376 664
511 245
408 732
541 276
112 415
563 291
259 687
444 904
489 931
554 361
40 456
453 334
631 415
269 914
161 385
164 308
599 385
275 856
238 332
247 945
165 382
408 127
391 4
479 718
502 323
652 433
283 423
264 512
345 3
352 1
227 339
276 301
422 184
17 455
465 719
426 68
317 192
260 694
424 58
271 970
259 688
416 31
186 372
682 403
296 962
150 391
153 390
473 206
689 451
718 457
295 963
244 328
511 328
312 876
282 971
419 183
330 128
418 771
12 464
717 455
375 667
257 645
201 280
478 306
287 967
648 429
673 391
314 923
271 752
418 783
479 306
456 453
343 714
84 433
336 179
359 685
253 227
722 482
478 758
388 298
353 507
350 477
392 244
375 220
332 148
312 142
163 572
196 256
123 311
215 49
195 152
133 243
302 651
103 274
142 225
10 377
214 640
278 13
191 749
234 116
351 493
163 571
327 373
398 309
246 0
206 726
349 255
323 750
222 580
335 763
48 340
160 603
346 776
291 83
290 569
214 633
332 148
305 695
202 736
291 39
346 776
364 650
303 660
207 672
90 292
195 152
163 565
392 244
340 408
138 297
198 273
397 250
348 710
12 379
374 218
384 231
114 263
214 640
161 268
206 148
398 309
352 728
459 325
219 143
508 376
293 78
500 363
304 668
486 351
209 719
203 732
351 586
232 133
228 552
163 565
233 531
271 8
191 749
337 402
209 658
490 353
213 646
445 351
193 153
163 778
223 577
330 383
163 556
477 345
142 293
132 303
200 741
361 632
289 87
17 362
192 346
68 318
196 332
323 750
398 309
346 776
429 336
198 273
354 511
175 161
355 172
17 362
387 235
284 17
206 148
190 360
224 19
243 513
196 256
322 343
388 237
406 318
163 571
285 548
4 371
353 594
220 85
362 189
328 252
13 362
327 373
243 513
288 565
349 577
215 632
216 592
311 734
151 211
90 292
200 287
199 743
13 362
138 297
160 743
213 646
470 337
334 245
295 588
234 116
205 728
215 628
306 675
353 735
127 251
398 309
118 315
94 337
438 345
281 103
301 644
343 419
229 103
195 243
294 586
166 533
171 472
132 303
429 336
222 24
227 9
200 315
305 720
163 556
184 381
502 383
176 405
266 5
224 574
354 170
194 241
117 260
353 735
291 39
343 419
349 567
290 569
213 641
309 731
163 181
105 272
118 315
90 292
465 329
190 154
194 242
209 658
222 24
398 309
180 392
196 256
415 326
199 743
191 239
299 601
57 330
306 675
351 493
57 330
78 307
335 763
169 502
190 360
507 375
412 266
210 657
88 341
291 55
237 524
327 259
355 602
199 743
373 283
210 718
160 743
160 743
228 552
342 413
68 319
507 375
349 567
224 574
7 377
195 152
473 342
171 472
426 283
12 379
212 653
472 341
176 160
142 293
284 97
285 548
357 177
363 270
57 331
298 138
302 651
290 35
156 198
493 370
170 473
397 250
142 293
123 311
157 746
142 293
13 362
47 340
245 1
29 354
193 153
487 351
283 538
431 290
321 144
68 318
136 235
203 732
208 660
221 26
351 586
502 390
280 112
305 674
215 628
180 248
200 149
195 338
40 348
461 326
234 128
370 279
210 699
384 231
291 83
301 621
384 231
122 256
291 48
284 97
306 675
281 102
178 251
429 336
343 440
7 374
379 225
226 560
311 734
78 307
349 577
406 318
437 300
187 760
21 357
363 270
369 210
266 5
293 78
268 6
205 729
309 731
431 290
388 237
302 651
343 440
195 338
230 540
47 340
14 364
78 307
328 252
274 10
209 719
199 743
500 363
312 142
299 601
157 196
196 256
363 270
198 150
355 172
277 517
88 341
349 577
118 315
306 675
364 650
351 165
354 511
291 42
138 233
459 325
190 751
293 69
349 577
296 137
281 529
362 189
343 440
268 6
406 318
20 360
215 34
443 349
349 471
68 318
234 1
171 472
493 370
320 324
196 256
200 300
374 284
191 749
287 28
501 381
11 366
216 627
13 362
117 260
219 29
225 95
191 749
350 706
327 267
359 181
254 0
312 142
221 142
349 255
361 186
57 331
289 567
29 354
191 749
363 270
291 48
323 296
339 767
123 311
348 710
349 567
226 13
226 560
362 189
166 172
228 552
423 332
216 592
276 512
94 337
398 309
325 279
105 272
325 279
209 688
353 594
349 577
325 352
163 565
57 331
477 345
426 283
444 310
397 250
178 251
234 116
438 345
35 351
290 133
142 225
150 284
288 565
271 495
348 160
352 589
347 715
343 774
13 362
200 300
226 98
200 300
203 732
479 346
125 253
208 678
415 326
327 264
164 266
231 108
214 640
175 255
199 743
303 660
280 14
406 318
290 35
358 687
48 340
208 678
176 405
340 246
351 490
349 567
365 201
127 251
203 734
209 719
228 137
349 567
173 435
347 715
500 364
365 201
482 348
335 762
83 300
335 397
48 340
175 254
210 146
48 340
122 256
206 727
138 233
199 743
185 764
451 318
347 252
327 259
330 248
226 560
181 246
40 348
190 154
183 243
293 135
352 728
206 726
465 329
233 110
429 336
360 621
508 376
494 371
494 371
210 657
190 154
159 271
278 521
180 771
349 567
323 750
331 385
57 331
353 594
7 368
226 560
388 298
280 14
158 193
68 319
216 592
190 360
195 249
132 303
334 245
398 309
288 32
226 560
46 342
355 602
304 661
163 572
321 144
208 687
349 577
182 387
349 471
359 616
328 252
493 370
503 391
301 644
291 42
201 737
361 632
187 757
57 330
57 330
424 280
398 309
443 349
354 737
165 549
243 513
180 248
349 577
351 490
163 181
305 710
165 539
228 552
111 322
160 743
57 330
10 381
285 130
199 743
57 330
31 353
397 250
349 567
350 706
473 342
142 225
29 354
363 197
292 81
343 440
57 330
341 772
218 615
284 17
375 220
9 368
185 378
199 282
327 264
178 251
421 275
461 326
351 481
48 340
287 22
232 133
176 405
227 9
350 581
336 400
508 376
12 379
114 263
349 567
502 383
287 22
190 751
215 628
118 315
404 258
293 78
210 718
198 150
322 332
349 255
335 762
421 275
406 318
349 567
27 356
169 509
135 236
465 329
39 349
180 392
339 767
223 141
99 281
68 318
245 1
500 364
347 252
346 250
305 695
374 218
159 191
208 147
171 472
288 565
207 677
286 91
47 340
348 160
343 419
367 275
268 6
331 757
88 341
501 381
372 215
348 160
138 297
21 357
349 577
354 170
349 567
297 596
312 142
68 318
183 243
379 225
208 671
286 20
489 353
388 298
446 353
323 750
352 728
24 358
426 334
210 718
502 383
367 275
244 504
246 500
294 582
222 24
57 330
194 241
245 1
412 266
255 1
24 358
164 266
349 577
323 750
188 368
234 128
327 259
280 107
415 326
127 251
169 262
202 736
339 767
188 755
284 542
306 689
288 565
451 318
190 349
444 310
374 284
243 513
493 370
90 292
322 319
349 567
392 244
29 354
349 577
346 776
213 646
206 148
328 252
141 227
296 137
323 750
99 333
275 508
388 298
7 377
99 333
20 360
212 647
178 251
200 739
10 377
493 370
233 531
11 366
498 378
234 116
47 340
234 1
145 221
349 567
46 341
132 303
199 282
406 318
508 376
200 315
216 621
352 259
483 348
200 741
219 83
366 203
304 668
225 17
421 275
379 225
138 297
465 329
168 262
274 10
371 214
349 567
260 3
212 653
307 140
196 332
322 343
288 565
157 273
110 323
175 161
223 91
196 744
335 397
404 258
291 55
133 243
48 340
187 370
195 152
176 160
210 718
294 586
356 692
489 353
88 341
266 5
322 319
302 651
472 341
7 374
388 298
486 351
21 357
478 345
233 2
327 259
327 259
118 315
99 333
493 370
175 161
191 348
196 332
364 199
445 351
223 141
351 586
398 309
180 772
229 103
233 2
228 137
110 323
326 366
361 186
192 239
284 542
292 575
298 138
203 734
141 227
216 600
177 402
490 353
503 391
374 218
363 271
331 758
159 612
350 477
216 592
30 354
285 130
291 572
36 351
332 388
223 21
250 491
326 272
320 329
326 272
171 472
480 346
285 548
156 198
200 315
330 383
388 298
282 126
208 671
363 270
334 245
508 376
410 322
99 333
350 477
175 161
321 331
353 735
195 249
327 259
209 698
209 698
57 331
343 247
215 34
428 286
118 315
111 322
374 284
41 346
165 539
234 128
233 131
367 275
213 145
7 377
158 193
321 144
175 255
190 360
171 472
234 111
305 674
94 337
41 346
214 640
293 69
415 326
175 255
490 353
31 353
277 517
349 567
99 333
223 21
46 341
397 250
199 743
183 384
300 620
138 297
209 698
388 298
57 331
493 370
330 248
300 620
171 472
226 560
334 245
331 757
207 677
410 322
47 340
7 377
199 743
160 743
225 17
47 340
142 225
223 91
196 323
327 267
326 364
437 300
215 34
438 345
233 2
280 107
288 565
153 209
431 290
305 674
372 216
245 1
191 239
500 363
187 760
225 563
287 559
32 353
494 372
351 490
151 211
451 318
361 632
224 574
182 387
90 292
360 621
205 729
286 554
57 330
477 345
349 567
442 307
57 330
78 349
291 572
209 698
200 287
90 292
208 678
293 579
344 774
404 258
358 179
355 602
347 715
426 334
153 279
225 563
293 135
278 521
162 268
154 205
7 387
153 209
125 253
99 333
349 577
217 70
118 315
388 298
7 387
367 275
83 300
338 404
224 93
159 271
117 260
278 521
216 592
218 615
215 632
260 3
278 521
187 760
388 298
332 148
305 674
307 140
171 781
57 331
7 377
219 143
57 330
194 241
326 364
27 356
350 163
147 218
7 387
7 387
209 688
225 17
284 97
13 362
280 107
237 524
208 687
289 567
90 292
172 258
349 567
214 633
291 48
46 341
334 392
350 581
233 110
245 502
332 148
191 239
165 549
223 141
298 138
347 715
384 231
502 383
328 252
229 103
135 236
326 146
330 383
438 345
296 594
365 201
200 287
363 270
350 477
298 138
421 275
199 743
123 311
161 741
157 746
125 253
502 383
10 381
213 145
343 774
291 39
415 326
163 556
353 507
347 715
21 357
250 491
48 340
368 208
503 391
205 729
69 318
335 762
216 600
398 309
502 383
212 647
348 160
473 342
461 326
216 592
350 581
281 116
334 245
30 354
215 632
451 318
301 644
347 715
181 770
289 87
188 368
359 616
474 342
362 189
163 572
305 710
332 148
166 172
287 28
199 743
338 404
208 660
388 298
282 15
210 699
294 586
282 126
213 646
33 352
388 298
301 644
228 137
57 331
243 513
39 349
291 42
284 129
250 491
99 333
328 252
319 745
502 375
217 620
157 196
13 362
215 632
180 772
160 743
352 258
288 565
335 397
326 146
347 715
165 779
153 279
163 565
349 567
207 677
165 549
220 85
349 567
500 364
288 565
326 366
339 767
21 357
123 311
57 331
340 246
487 351
209 719
356 692
364 650
305 710
99 333
234 116
48 340
404 258
296 594
373 283
232 133
105 272
24 358
334 245
296 594
388 298
175 161
354 737
234 529
21 357
428 286
186 762
483 348
344 774
7 368
312 142
323 750
200 300
228 7
335 763
302 651
304 668
296 137
158 193
355 602
133 243
331 757
298 138
125 253
349 567
349 577
361 186
246 500
142 293
180 248
159 612
114 263
151 211
47 340
214 633
359 616
326 366
474 342
132 303
322 300
208 671
363 270
224 19
303 652
9 368
285 130
421 275
196 256
194 246
39 349
347 158
110 323
360 682
162 585
204 730
363 663
110 323
78 307
483 348
285 548
159 612
374 284
284 17
122 256
372 215
404 258
103 274
196 744
184 381
429 336
150 284
301 644
200 287
159 191
68 318
117 260
348 160
397 250
111 322
99 281
287 28
350 477
280 112
228 137
187 760
388 237
301 644
230 540
169 262
278 521
243 513
327 259
325 352
426 283
88 341
285 548
332 148
117 260
41 346
226 98
306 689
221 26
301 644
217 70
288 132
353 735
153 209
421 275
494 372
24 358
7 377
213 145
424 280
123 311
103 274
300 620
186 374
392 244
464 328
199 743
343 419
281 116
349 577
363 197
384 231
30 354
229 545
169 502
209 719
397 250
280 526
172 258
200 315
327 264
500 373
357 177
327 259
171 781
223 577
364 648
166 172
312 142
101 277
359 616
500 363
351 490
349 567
216 600
349 577
133 243
281 103
169 509
490 353
228 137
500 363
299 601
278 13
157 196
280 107
12 379
374 284
90 292
199 282
111 322
208 671
482 348
428 286
39 349
286 91
292 81
351 165
163 556
222 580
156 198
431 290
349 577
286 554
352 259
291 572
301 644
341 772
166 533
444 310
292 575
164 266
178 251
353 594
346 776
216 144
461 326
289 87
285 548
191 348
296 594
111 322
10 381
363 270
135 236
352 728
343 774
332 388
57 330
326 366
98 283
361 632
387 235
190 154
78 307
352 728
326 366
320 324
185 764
57 331
426 283
133 243
473 342
29 354
424 280
165 549
374 284
326 366
232 133
320 329
136 235
208 678
421 275
199 743
200 287
349 255
423 332
443 349
388 237
446 353
7 387
206 726
363 663
215 49
410 264
41 346
159 612
10 377
168 262
21 357
349 577
90 292
173 435
327 264
155 276
343 774
30 354
362 189
199 743
68 318
502 390
181 770
335 762
169 509
209 698
285 130
172 258
125 253
490 353
490 353
213 646
90 292
384 231
379 225
232 133
335 397
90 292
98 283
214 633
223 91
105 272
304 661
214 640
352 728
281 116
271 8
415 326
7 377
223 141
199 743
99 333
226 560
323 750
227 9
278 521
305 695
215 34
10 377
331 758
355 172
372 215
301 621
356 692
284 129
332 388
200 300
118 315
163 181
351 490
191 749
198 273
285 548
191 239
187 760
290 35
281 103
339 767
199 743
327 259
68 318
233 2
213 641
226 98
325 352
354 170
442 307
48 340
327 264
78 307
278 13
48 340
203 734
446 353
349 255
361 632
362 189
231 108
57 330
171 472
215 34
11 366
353 594
299 601
163 181
151 211
228 137
24 358
20 360
293 78
406 318
501 381
500 363
288 565
388 298
444 310
213 145
351 493
347 715
177 402
209 719
11 366
474 342
39 349
336 400
215 628
311 734
438 345
351 165
281 529
103 274
212 653
133 243
332 148
118 315
327 264
288 32
421 275
13 362
341 772
207 677
33 352
335 763
190 154
361 186
132 303
328 252
163 556
470 337
99 333
292 81
225 17
347 158
349 255
338 404
327 267
191 749
349 567
363 270
288 565
209 719
349 577
99 333
343 419
388 237
208 147
352 259
489 353
421 275
354 511
287 22
301 644
281 116
145 221
332 148
339 767
320 324
307 140
221 26
7 387
337 402
398 309
205 728
7 377
175 161
426 334
312 142
225 17
94 337
195 152
300 620
291 55
229 103
343 774
398 309
352 259
200 287
343 440
157 196
159 612
194 242
216 592
494 372
193 153
160 603
284 542
367 275
205 729
343 440
364 650
190 154
348 160
294 586
280 14
216 144
212 653
12 379
287 559
133 243
291 48
160 743
41 346
305 674
225 563
41 346
363 271
243 513
479 346
210 718
293 78
196 332
200 739
175 161
209 698
178 251
322 319
135 236
327 259
190 349
349 567
294 586
322 343
215 632
421 275
199 743
186 374
127 251
354 737
347 715
219 143
200 287
243 513
57 330
196 332
355 602
203 732
359 616
421 275
284 17
406 318
301 644
209 658
388 298
99 333
364 199
299 601
200 741
285 548
188 755
7 377
184 381
165 549
374 284
321 144
195 152
493 370
163 565
296 594
277 517
303 660
349 577
292 575
163 556
291 572
90 292
306 675
363 270
190 751
196 744
171 472
90 292
374 218
319 745
208 687
397 250
293 69
292 81
404 258
341 772
219 143
353 507
94 337
225 17
233 2
138 233
287 28
326 366
226 98
90 292
349 577
351 586
301 644
276 512
111 322
142 225
196 256
29 354
352 258
309 731
127 251
300 620
397 250
10 381
362 189
349 567
349 577
214 633
156 198
222 24
164 266
165 549
193 153
295 588
326 366
163 572
216 627
21 357
233 531
286 91
293 579
99 333
160 743
397 250
118 315
483 348
68 319
200 287
284 97
298 138
346 776
7 374
213 646
286 20
451 318
171 472
224 574
443 349
57 330
350 477
223 577
142 225
90 292
164 266
349 471
289 567
363 270
330 383
502 383
326 272
500 363
190 751
171 472
47 340
21 357
374 284
39 349
199 282
421 275
160 743
105 272
48 340
147 218
285 548
271 495
278 521
4 371
78 307
153 279
325 279
57 331
246 500
348 710
370 279
355 172
363 270
191 749
363 663
153 209
280 14
24 358
57 331
47 340
187 757
451 318
138 233
153 279
347 252
209 719
205 729
388 298
374 218
215 628
327 259
424 280
213 145
426 283
68 318
185 378
228 137
12 379
296 594
169 262
17 362
465 329
169 509
171 781
349 577
334 245
351 493
210 718
275 508
183 243
281 103
163 565
127 251
327 264
438 345
205 729
165 779
482 348
187 370
354 511
57 330
163 556
221 142
216 592
208 660
300 620
274 10
493 370
302 651
398 309
39 349
215 632
473 342
349 471
406 318
500 364
326 272
349 577
355 602
473 342
321 144
156 198
21 357
482 348
196 323
21 357
176 160
508 376
103 274
361 632
437 300
349 567
175 161
200 149
365 201
312 142
322 332
88 341
335 762
349 567
367 275
477 345
502 383
195 338
473 342
105 272
372 215
339 767
200 300
99 333
24 358
202 736
424 280
404 258
69 318
349 255
429 336
350 477
322 343
192 239
323 750
429 336
428 286
350 581
459 325
88 341
340 246
292 575
221 26
364 650
322 300
346 776
445 351
180 392
88 341
215 632
349 577
21 357
190 360
349 567
351 490
465 329
198 150
388 237
237 524
206 727
30 354
286 91
163 572
226 560
477 345
225 95
349 567
224 574
354 170
304 668
161 741
234 128
228 552
132 303
57 330
78 349
328 252
217 620
123 311
7 387
233 2
323 750
348 160
361 186
180 771
243 513
158 193
83 300
365 201
200 315
40 348
135 236
349 577
404 258
170 473
306 689
346 776
277 517
175 255
351 586
220 85
180 392
163 565
7 377
374 284
347 715
302 651
7 387
334 392
297 596
374 284
298 138
349 255
99 333
290 133
199 743
348 160
340 246
363 270
361 632
201 737
328 252
171 472
57 331
438 345
343 440
398 309
48 340
111 322
117 260
223 21
187 760
398 309
291 48
13 362
117 260
493 370
303 652
461 326
40 348
305 674
351 165
352 589
304 668
325 352
388 298
68 319
154 205
343 440
280 107
357 177
200 300
158 193
198 273
327 267
352 728
114 263
168 262
284 97
245 1
132 303
398 309
24 358
195 152
274 10
171 472
192 346
215 34
47 340
461 326
280 107
347 715
398 309
444 310
412 266
451 318
346 250
138 297
123 311
349 567
188 368
233 110
363 270
288 565
138 297
429 336
157 196
410 322
508 376
159 612
180 248
234 1
326 366
200 287
349 577
410 264
349 577
305 674
371 214
195 338
502 383
162 585
353 735
228 137
133 243
233 131
157 196
478 345
350 581
99 281
228 552
234 116
209 688
350 477
326 364
356 692
7 377
41 346
199 743
312 142
163 572
204 730
363 663
290 35
150 284
291 42
29 354
210 699
157 746
301 644
68 318
122 256
289 567
246 500
132 303
166 533
494 372
7 377
57 331
196 256
36 351
311 734
101 277
502 383
410 322
342 413
234 1
464 328
353 594
142 293
360 621
111 322
216 592
161 268
57 331
226 560
200 287
195 243
118 315
68 318
388 298
350 706
142 293
7 368
323 296
398 309
208 678
212 647
222 580
299 601
359 616
188 368
226 560
280 107
32 353
57 330
501 381
304 668
88 341
208 671
346 776
57 330
426 283
245 1
349 567
375 220
233 110
190 154
293 69
219 29
209 658
326 364
361 632
138 297
349 567
191 749
291 39
142 293
285 548
169 502
159 612
118 315
431 290
290 569
355 602
493 370
349 577
288 565
352 728
429 336
208 671
289 87
360 621
142 225
196 256
335 397
232 133
373 283
14 364
21 357
305 695
234 116
305 710
169 502
280 112
191 348
222 580
250 491
10 377
199 743
230 540
431 290
421 275
291 83
234 111
388 298
266 5
302 651
215 49
487 351
31 353
331 757
222 24
364 650
226 13
162 268
465 329
306 675
199 282
12 379
153 209
114 263
234 116
490 353
348 160
142 225
306 689
141 227
208 671
118 315
191 239
228 7
323 750
347 715
397 250
406 318
349 567
187 760
224 574
351 481
111 322
334 245
325 279
175 161
326 146
163 556
135 236
114 263
500 363
398 309
200 300
291 39
48 340
472 341
35 351
486 351
48 340
203 732
29 354
46 342
47 340
178 251
351 490
415 326
166 172
216 592
288 565
352 728
349 567
326 146
296 137
507 375
207 677
217 70
294 582
110 323
206 148
191 348
160 743
285 548
123 311
384 231
323 750
199 743
208 678
122 256
158 193
284 17
47 340
196 256
302 651
90 292
334 245
347 715
334 245
138 297
359 616
195 249
360 682
141 227
332 148
136 235
392 244
234 116
392 244
397 250
502 383
223 91
480 346
195 249
234 128
500 364
245 502
361 186
234 116
296 137
232 133
444 310
291 39
226 560
46 341
349 567
210 657
208 671
291 42
502 375
503 391
301 644
278 521
203 734
68 318
349 567
508 376
159 191
327 264
57 330
285 548
12 379
327 259
487 351
29 354
225 563
280 107
216 621
374 284
472 341
99 281
375 220
349 567
190 360
281 102
194 241
326 366
13 362
305 720
280 112
490 353
498 378
415 326
200 315
20 360
30 354
358 179
302 651
349 577
159 271
332 388
175 161
369 210
57 330
344 774
291 55
41 346
178 251
397 250
298 138
190 360
415 326
207 677
122 256
429 336
180 772
250 491
138 297
153 209
500 364
374 284
323 750
163 565
46 341
216 592
125 253
185 764
294 586
503 391
157 746
348 710
199 743
57 330
350 477
206 726
368 208
223 141
194 241
349 567
229 103
438 345
156 198
243 513
306 675
215 49
349 577
332 148
209 698
29 354
426 283
486 351
335 763
254 0
228 552
473 342
349 577
290 569
352 728
489 353
347 252
163 571
328 252
296 594
213 145
305 710
234 128
110 323
268 6
278 521
343 419
289 87
222 24
330 383
349 577
350 477
243 513
223 141
287 28
186 762
421 275
320 329
307 140
226 560
343 774
224 19
288 565
335 763
349 567
208 678
178 251
445 351
502 383
388 237
423 332
353 735
214 640
388 298
465 329
293 78
17 362
206 726
125 253
364 648
13 362
335 397
404 258
437 300
431 290
111 322
384 231
220 85
7 374
182 387
287 28
338 404
214 640
133 243
31 353
208 687
180 772
428 286
180 248
216 592
493 370
216 600
327 373
303 660
431 290
233 531
355 602
387 235
136 235
266 5
301 644
47 340
207 672
260 3
296 137
330 248
426 334
443 349
182 387
165 549
367 275
286 554
289 87
196 256
293 135
367 275
293 135
159 191
350 706
191 239
268 6
483 348
217 70
328 252
171 781
183 243
384 231
494 371
397 250
13 362
184 381
224 93
117 260
176 405
373 283
477 345
285 130
388 298
200 315
123 311
187 760
142 293
332 148
48 340
48 340
164 266
7 387
123 311
10 377
327 373
57 330
244 504
57 331
291 83
349 567
363 197
175 254
110 323
326 366
363 197
351 490
388 298
326 366
284 542
344 774
224 19
415 326
228 137
210 657
123 311
424 280
298 138
118 315
284 17
459 325
305 674
406 318
423 332
305 710
508 376
210 718
228 137
206 148
47 340
199 743
392 244
283 538
83 300
343 419
388 298
202 736
209 719
321 331
194 246
223 577
379 225
243 513
165 549
291 48
175 255
159 612
461 326
203 732
278 521
191 749
331 757
206 726
353 735
298 138
110 323
357 177
372 216
349 567
332 148
426 283
209 719
99 333
406 318
176 160
287 22
10 381
291 572
245 1
125 253
210 146
412 266
150 284
27 356
327 259
199 282
500 363
266 5
312 142
166 533
474 342
230 540
173 435
346 776
340 408
229 545
195 152
288 565
359 181
358 687
151 211
331 385
183 384
320 324
208 660
245 1
155 276
46 341
286 554
334 245
133 243
39 349
208 678
398 309
392 244
503 391
216 600
178 251
379 225
301 644
232 133
351 586
483 348
288 565
280 526
215 632
57 331
282 126
214 633
216 600
169 262
218 615
94 337
7 368
388 298
209 688
180 248
175 255
363 270
301 644
494 371
90 292
214 640
90 292
10 381
199 743
246 0
255 1
13 362
507 375
199 743
353 735
57 331
362 189
166 172
78 307
57 330
132 303
160 743
339 767
404 258
163 571
374 218
291 572
278 13
190 360
13 362
327 259
229 103
323 750
288 132
327 259
209 698
228 552
196 744
296 594
9 368
165 539
330 248
343 247
160 743
176 405
388 237
117 260
213 646
165 539
306 675
493 370
173 435
493 370
268 6
348 160
199 743
185 764
327 259
350 163
103 274
142 293
223 21
343 419
500 363
213 646
282 15
190 154
387 235
320 329
428 286
443 349
359 616
384 231
334 245
451 318
366 203
312 142
237 524
88 341
446 353
21 357
330 383
9 368
206 148
181 246
309 731
7 387
322 319
200 741
219 83
210 699
363 270
291 42
157 273
227 9
212 647
57 331
168 262
365 201
163 778
284 97
166 172
176 405
321 144
461 326
198 150
196 256
350 581
335 762
331 757
508 376
78 307
285 130
234 529
27 356
172 258
194 241
196 332
353 507
282 126
353 594
312 142
151 211
354 737
78 307
349 567
347 715
353 594
159 271
218 615
500 373
260 3
57 331
388 298
171 472
200 315
349 577
210 718
117 260
328 252
215 628
250 491
343 178
219 681
108 251
128 298
236 14
155 274
315 266
321 378
383 286
17 345
194 238
432 267
155 273
187 612
471 313
282 125
336 619
290 20
334 609
334 244
277 4
189 598
286 591
217 751
332 702
386 227
178 253
21 342
338 566
179 480
293 69
318 359
186 247
186 171
185 735
330 434
285 130
434 269
293 635
399 298
409 245
288 132
11 363
188 576
32 332
254 0
179 557
475 319
310 141
420 310
423 257
294 81
316 263
328 570
267 2
465 306
194 695
343 152
400 237
338 567
37 325
140 222
5 374
5 384
496 350
246 0
203 253
116 244
407 243
188 725
331 164
285 92
415 306
226 646
202 251
484 334
129 234
54 306
192 584
346 760
317 365
125 237
289 596
237 135
332 148
338 732
431 322
433 324
297 648
296 647
82 276
272 568
385 227
279 130
211 156
186 731
181 560
324 573
114 305
306 139
292 85
284 583
162 196
243 566
10 366
217 152
291 87
304 138
113 306
12 359
489 340
108 309
197 162
101 314
250 545
62 342
407 302
308 154
234 24
199 313
317 360
461 300
301 664
152 277
289 34
228 639
336 648
336 655
331 569
412 247
317 262
158 270
356 194
265 551
393 292
180 546
307 741
300 656
297 137
347 771
268 557
171 752
323 388
187 384
288 32
465 350
301 663
63 296
220 742
232 27
235 22
328 410
323 144
441 277
268 1
181 561
372 275
430 265
271 2
297 148
31 333
285 142
287 33
279 14
190 244
202 252
343 749
483 331
291 36
29 334
266 553
237 6
147 282
296 59
45 352
349 184
322 256
284 9
235 13
45 314
326 579
286 130
14 356
452 290
253 533
181 174
168 756
40 320
333 480
131 295
344 752
354 191
493 371
289 601
371 214
143 217
384 225
85 326
163 195
199 239
111 308
232 146
324 160
290 133
110 247
260 517
318 278
159 200
261 4
307 153
309 771
190 721
98 316
282 109
186 393
190 373
279 111
239 3
341 562
218 691
262 537
335 610
333 606
226 36
376 279
277 13
348 159
196 238
245 1
310 710
293 135
223 656
204 261
294 42
345 155
91 322
284 18
288 595
209 761
187 640
26 364
134 229
180 743
56 304
232 111
307 682
384 286
216 698
15 376
190 164
248 553
281 112
487 339
191 588
494 371
343 751
290 144
87 324
347 157
55 305
253 0
188 647
292 79
344 755
290 65
279 108
222 664
247 554
333 166
15 350
159 199
307 765
292 83
115 304
259 513
206 157
290 47
27 336
289 19
316 267
197 336
75 332
405 242
351 258
443 334
338 581
24 338
219 735
326 570
184 408
201 159
270 8
240 2
178 481
177 254
317 329
217 697
247 558
187 388
335 570
311 141
169 767
340 515
340 563
190 597
217 749
204 157
401 237
119 241
398 235
65 340
326 252
294 80
219 736
415 250
354 261
483 329
500 362
386 287
309 709
468 352
185 406
326 584
216 753
424 314
354 190
283 98
336 487
151 277
284 129
201 283
336 572
164 266
172 185
229 33
129 233
270 568
431 321
326 162
441 278
234 141
220 673
310 154
254 1
187 614
106 310
445 281
328 247
378 280
222 667
0 382
397 235
257 503
336 654
261 528
206 766
297 60
278 13
415 249
335 674
332 600
294 639
200 310
126 298
201 284
333 723
290 36
268 6
235 575
329 433
290 56
305 679
169 771
187 622
287 592
43 317
16 349
325 572
193 690
430 266
505 377
295 643
282 139
342 176
291 133
162 197
339 576
36 327
508 389
165 266
190 657
229 147
56 303
187 571
14 376
183 563
280 138
318 336
287 13
317 317
494 346
361 202
211 759
201 250
91 265
368 271
189 724
13 357
302 150
22 340
8 369
502 381
188 245
378 282
414 305
290 43
299 654
189 648
347 181
202 282
132 231
183 250
346 761
288 594
423 258
203 260
23 367
67 338
304 674
63 295
322 387
377 279
471 315
88 324
309 716
436 326
325 397
326 253
190 719
266 552
282 577
339 733
1 385
389 290
308 770
372 215
305 139
284 97
192 359
337 573
409 302
60 344
346 772
366 269
464 304
471 355
332 475
340 565
221 672
322 384
319 143
109 308
291 48
339 512
12 377
318 367
194 710
246 559
114 245
31 360
178 744
228 96
285 93
360 265
326 400
449 338
225 650
193 694
194 703
234 23
318 354
269 566
48 311
278 570
340 736
417 307
336 171
179 744
61 342
336 490
162 268
172 184
321 258
230 626
15 353
347 255
214 754
283 9
121 302
68 289
182 773
319 345
225 647
190 674
126 237
235 140
143 218
302 666
187 630
4 376
188 166
188 580
183 737
135 229
183 172
286 99
503 383
282 104
267 554
218 748
138 226
307 140
348 160
282 7
234 576
294 146
178 504
223 82
184 172
140 221
195 350
203 158
99 257
287 142
325 253
505 387
509 384
99 316
258 496
507 381
225 41
165 194
228 147
293 39
257 497
323 255
11 362
319 260
335 653
484 362
258 3
281 116
21 371
308 696
238 134
182 250
388 289
289 144
503 370
342 252
151 209
187 575
255 1
171 753
189 722
37 324
490 368
324 254
289 25
40 319
233 145
46 313
313 156
481 359
10 379
212 758
279 571
193 357
293 78
198 161
488 340
219 744
352 188
193 162
403 239
224 45
327 407
180 476
269 567
289 87
38 321
207 156
177 255
217 692
285 586
113 246
335 573
325 160
332 781
325 399
13 358
308 759
216 154
202 271
426 316
295 78
315 157
43 353
140 289
25 364
174 258
289 132
180 541
317 279
264 549
340 149
335 483
61 298
324 255
193 712
315 264
508 383
99 258
355 192
171 774
335 630
181 251
436 271
175 258
12 361
231 625
178 536
27 363
469 311
263 538
80 329
120 303
236 11
34 358
299 150
339 249
370 274
290 602
90 323
132 295
104 311
332 243
436 327
410 245
24 339
328 587
180 741
221 152
191 675
363 267
333 696
334 482
71 336
335 620
238 568
295 79
317 263
475 355
237 123
319 369
291 606
440 330
167 263
191 242
203 292
432 268
1 380
203 263
179 177
391 292
298 653
122 239
292 38
201 297
180 176
291 623
342 744
56 347
458 346
233 584
356 195
312 780
180 251
96 261
398 295
196 337
114 306
325 145
233 581
187 616
320 370
469 352
281 115
192 682
1 381
292 37
189 602
263 4
175 256
447 336
381 223
54 305
281 15
191 585
170 754
295 640
484 332
43 316
404 240
179 512
335 169
314 157
329 416
361 200
33 358
194 711
26 336
198 160
341 780
262 527
283 575
396 234
284 94
476 356
219 679
336 728
280 116
392 231
169 756
289 98
133 294
7 370
79 278
345 776
411 304
195 704
324 145
234 142
242 566
139 224
484 363
307 767
361 266
260 3
310 779
486 365
118 243
256 1
416 307
282 126
339 565
294 636
343 778
130 296
131 231
32 360
475 320
334 685
296 77
8 368
331 595
280 129
421 310
262 526
234 580
20 371
281 139
284 128
290 38
345 154
179 554
203 294
458 347
445 282
179 176
191 370
331 598
124 238
338 731
464 303
286 91
284 574
199 770
112 246
309 140
198 328
284 579
283 102
329 164
507 380
291 39
280 14
324 392
254 524
318 316
297 68
308 691
204 262
274 10
460 300
199 327
182 774
230 146
13 377
328 415
280 573
290 24
291 82
328 590
233 25
168 263
498 358
356 261
57 346
255 509
209 760
459 299
340 739
388 290
81 277
264 5
342 152
179 477
66 340
332 599
193 715
64 341
437 327
326 406
192 369
192 582
174 748
281 7
181 175
282 106
336 170
116 243
3 385
431 267
296 69
237 137
235 139
210 759
188 728
122 302
308 740
223 67
327 586
280 135
295 45
23 340
77 280
138 225
82 273
194 356
332 568
417 251
42 318
173 749
231 616
469 312
182 468
81 328
286 20
318 366
93 320
286 587
224 651
179 537
329 593
9 380
183 738
317 335
83 273
492 344
336 627
77 332
272 3
268 565
191 681
217 710
60 343
20 342
82 328
340 150
273 10
494 348
185 247
171 773
328 421
327 251
189 245
295 48
382 223
204 289
480 359
296 49
312 156
106 251
227 643
279 134
339 735
317 322
63 341
439 276
289 85
307 758
375 217
218 734
495 372
216 709
287 12
181 474
222 66
506 379
308 764
467 308
228 636
298 138
69 336
338 495
287 28
340 558
179 253
345 254
231 28
449 339
288 29
270 2
296 644
245 565
236 120
206 764
201 241
180 475
370 273
426 315
109 250
231 103
185 394
227 91
217 715
416 251
233 112
341 743
335 168
486 364
176 255
362 203
444 334
306 680
230 633
333 601
38 323
179 505
229 634
467 309
384 226
330 443
204 291
260 2
111 247
471 354
342 177
17 347
500 379
230 101
336 633
292 629
485 363
198 333
291 86
339 780
503 374
185 569
337 172
2 378
346 775
30 334
360 266
362 267
350 162
181 552
250 542
139 290
181 469
235 571
31 332
403 300
334 481
337 574
259 516
147 281
290 88
251 539
161 198
121 239
96 318
342 748
165 265
321 383
327 585
226 644
413 304
335 725
338 781
4 384
205 767
334 607
199 160
224 655
344 178
175 748
178 513
255 518
290 92
293 41
335 245
42 353
41 318
283 573
349 257
188 623
161 268
492 343
29 362
322 158
254 519
501 365
440 331
286 90
226 40
183 772
251 541
261 525
108 310
79 329
446 336
241 2
344 254
170 755
62 297
347 182
332 719
230 102
508 382
316 158
226 86
331 444
505 386
505 376
188 169
223 150
438 273
331 474
330 146
307 690
44 352
333 167
328 248
202 296
497 356
470 313
192 717
35 328
29 363
187 634
263 546
452 342
433 269
135 294
402 299
180 559
89 323
182 436
203 270
476 322
229 30
438 274
318 344
89 267
238 125
186 730
287 28
183 409
229 635
326 146
344 778
291 42
221 668
123 238
316 323
283 108
278 4
168 766
345 756
337 494
269 1
367 209
149 211
188 641
78 279
59 344
292 68
189 581
95 318
205 769
325 571
234 117
329 569
289 33
0 384
252 534
305 675
223 663
185 566
233 26
21 369
296 137
500 364
309 778
376 219
335 576
237 124
287 22
487 337
304 152
320 143
323 391
509 388
456 344
460 347
214 155
192 689
292 81
8 381
185 732
260 522
9 381
290 605
371 275
264 547
345 777
84 326
377 219
319 368
436 272
294 44
347 762
477 356
367 271
228 99
184 407
232 615
352 189
459 297
183 564
49 311
506 378
137 292
140 290
322 258
37 355
335 569
276 3
318 297
78 331
331 717
339 514
181 547
200 159
327 249
14 354
289 15
287 593
76 281
248 547
195 709
405 301
336 618
244 565
308 768
400 298
240 568
399 296
300 662
282 15
500 378
6 370
439 275
413 247
331 703
61 297
341 252
336 729
188 382
191 164
353 190
335 649
487 365
335 617
328 420
262 531
105 311
11 379
109 248
280 112
41 354
227 640
379 282
336 246
311 779
442 279
374 216
213 756
349 258
282 575
284 17
95 261
239 4
273 569
45 313
493 370
337 568
236 9
215 154
33 331
246 562
339 148
292 67
385 287
261 523
233 143
212 757
405 241
53 347
303 667
226 90
252 538
190 243
233 116
213 755
397 295
180 558
256 504
283 103
220 737
502 382
68 290
335 246
463 350
332 477
329 419
327 409
372 214
54 348
414 306
183 249
347 158
424 313
138 292
197 334
189 656
280 115
90 267
289 26
365 269
204 770
336 568
283 100
202 295
187 624
170 261
202 285
41 355
11 378
218 745
236 20
188 615
50 347
102 255
319 353
299 655
338 172
337 578
329 591
333 478
275 569
467 351
333 686
367 210
2 379
172 752
57 347
91 321
291 55
394 231
191 372
192 716
224 41
339 580
185 171
335 632
23 366
173 751
218 716
261 530
437 273
334 168
327 162
201 309
33 329
212 155
164 195
260 512
159 270
222 47
290 35
183 435
128 297
501 368
101 255
191 581
297 649
4 374
404 239
188 603
139 223
292 624
341 740
333 244
331 780
336 629
216 752
396 233
336 571
234 118
335 486
367 270
237 8
289 93
307 152
129 296
227 95
290 145
265 550
75 282
507 389
79 277
325 161
282 8
318 142
496 355
363 205
465 305
75 281
503 384
334 570
160 198
196 349
476 321
434 324
188 633
158 201
317 296
333 720
232 585
256 508
375 218
334 675
324 396
266 5
36 326
334 572
242 1
294 135
452 289
401 299
280 107
293 630
10 364
320 377
495 373
34 328
302 665
200 312
215 754
152 208
306 681
288 99
165 192
202 158
190 589
188 611
271 8
231 109
117 303
497 357
452 344
395 294
16 348
295 148
190 380
491 368
253 525
286 21
291 146
22 341
281 102
280 104
197 772
309 730
282 111
267 6
276 570
281 103
151 210
396 294
186 389
260 497
103 312
138 291
195 352
150 211
202 287
259 1
339 250
337 580
318 261
373 216
304 673
303 672
235 12
217 153
219 743
231 27
345 759
78 330
319 261
406 243
318 270
466 351
232 110
285 584
440 277
235 21
332 697
191 241
153 208
218 682
332 718
193 358
406 301
309 697
103 314
67 339
324 577
115 245
316 328
39 321
388 229
310 715
298 650
116 304
335 656
390 229
316 268
224 84
224 83
355 193
91 266
498 360
158 203
119 242
92 320
443 279
349 185
178 745
179 252
337 491
404 300
236 122
245 563
308 731
321 144
267 556
197 239
55 348
171 261
283 107
335 727
259 496
281 124
6 373
346 255
194 353
77 279
312 142
225 150
294 147
291 83
179 540
220 678
329 422
341 559
425 314
363 203
279 572
188 383
32 359
188 631
335 626
338 511
217 751
298 138
197 239
108 309
505 377
405 301
329 591
291 48
319 353
219 679
240 2
230 146
426 316
308 768
128 297
89 323
83 273
336 571
3 385
215 754
5 374
469 352
312 142
234 576
507 380
267 556
336 629
205 769
37 355
252 538
170 754
185 394
315 264
295 45
400 237
412 247
179 554
339 580
183 563
335 617
234 141
217 697
193 357
293 39
169 767
165 194
262 537
233 25
277 4
339 148
337 491
386 287
335 570
308 770
190 597
280 138
173 749
318 366
221 672
332 718
471 354
263 538
289 19
45 352
413 304
331 569
121 239
32 360
286 99
202 251
437 327
11 362
296 647
46 313
286 20
221 668
197 162
289 93
234 580
496 350
237 124
260 3
251 541
132 231
63 341
5 384
237 135
218 716
232 585
396 234
226 86
298 650
309 709
290 20
366 269
278 13
286 91
367 270
284 574
403 239
390 229
119 242
334 572
456 344
336 627
143 217
483 329
173 751
34 328
235 22
123 238
449 338
404 240
235 140
283 573
343 178
129 234
264 549
193 694
183 564
95 318
465 350
289 144
11 363
305 675
137 292
328 410
332 599
279 108
235 575
487 365
467 309
395 294
245 565
187 571
330 443
179 176
64 341
481 359
179 253
341 562
206 764
202 252
346 761
231 109
308 691
111 247
360 265
372 214
377 219
205 767
321 383
276 3
268 557
55 305
183 249
184 407
293 635
333 166
466 351
286 21
168 766
264 547
284 9
151 277
60 343
432 267
10 379
319 368
116 243
6 370
327 162
80 329
223 67
348 159
407 243
78 331
191 588
291 606
338 732
279 571
316 158
315 157
254 0
294 636
348 160
496 355
438 273
225 150
89 267
335 246
489 340
105 311
223 663
227 91
255 509
189 656
178 536
36 327
376 279
270 568
409 245
460 300
281 115
219 735
335 573
226 36
458 347
193 358
178 745
331 780
492 343
329 422
447 336
373 216
175 748
129 233
329 164
334 481
350 162
177 254
79 277
198 333
431 321
264 5
182 468
469 311
202 158
324 577
204 261
118 243
325 161
336 572
401 237
296 77
375 217
33 331
203 158
195 709
487 337
282 15
335 610
328 590
37 324
332 475
179 512
224 83
77 280
121 302
319 260
335 656
192 682
360 266
214 155
193 715
54 305
471 355
339 249
337 568
223 82
187 622
290 38
437 273
308 154
188 576
282 104
420 310
336 170
257 497
140 222
140 289
345 759
285 92
199 770
503 383
396 233
31 333
187 384
502 381
199 160
305 679
258 496
509 388
325 145
197 336
216 709
269 567
29 362
323 255
159 270
234 24
229 634
338 581
283 103
252 534
76 281
201 250
192 584
291 83
191 372
231 103
199 327
224 84
318 261
307 765
338 731
211 759
355 192
63 295
291 133
27 336
287 13
384 226
308 731
337 494
203 253
293 135
255 518
203 292
283 102
92 320
281 103
79 329
344 752
334 685
240 568
171 261
198 160
329 419
424 313
288 29
196 238
180 541
494 371
150 211
284 579
230 102
216 154
274 10
171 773
409 302
209 761
204 262
174 748
333 696
183 172
323 388
297 148
68 290
378 282
165 192
259 496
25 364
272 568
237 8
194 353
324 145
261 528
352 189
207 156
324 573
344 755
182 436
372 275
257 503
95 261
202 282
235 139
291 623
327 407
238 134
103 314
491 368
329 569
39 321
497 356
341 780
172 184
342 252
342 748
191 581
438 274
407 302
101 255
423 258
335 486
283 107
200 310
334 168
495 372
385 287
169 771
502 382
332 148
189 722
229 33
96 318
295 643
225 650
335 653
82 273
116 304
287 593
309 771
23 366
232 146
370 274
503 384
263 4
198 161
505 386
508 389
338 495
11 379
211 156
188 631
222 47
185 406
188 603
367 210
436 327
282 139
471 313
294 80
346 760
285 93
333 720
242 566
399 296
42 318
115 245
281 15
268 6
226 40
115 304
299 654
117 303
30 334
505 387
210 759
220 742
45 313
434 269
317 262
331 703
320 143
317 296
270 2
388 289
159 199
261 4
220 678
43 353
307 153
506 379
318 359
312 156
237 137
329 593
280 14
352 188
99 258
109 250
91 322
223 150
363 205
319 261
289 85
189 648
308 696
339 512
452 290
287 22
189 724
343 152
271 2
61 297
508 382
126 237
186 393
130 296
322 256
188 623
378 280
219 736
501 365
347 182
287 142
342 176
31 332
193 712
292 85
294 135
50 347
383 286
203 263
452 289
60 344
188 382
253 525
328 248
354 261
317 317
283 108
284 94
459 299
44 352
333 478
13 357
235 13
458 346
139 224
161 198
326 162
227 640
338 172
181 174
12 359
311 779
236 9
430 265
17 345
361 200
434 324
410 245
41 318
276 570
219 681
284 128
228 99
505 376
206 766
281 124
181 175
20 342
506 378
282 125
233 581
331 598
323 144
33 329
194 238
261 523
322 158
338 781
335 632
149 211
285 586
15 350
57 346
213 755
236 122
289 15
299 150
221 152
433 324
38 323
23 367
273 10
386 227
224 651
310 141
231 625
116 244
262 531
340 565
361 266
186 389
57 347
198 328
192 717
275 569
293 630
301 663
190 373
217 692
133 294
336 490
178 744
202 296
328 247
4 376
406 243
335 169
239 4
320 377
186 171
333 606
335 569
471 315
81 328
338 567
4 374
93 320
261 525
337 580
326 253
215 154
190 380
63 296
224 45
286 587
285 584
317 263
260 517
190 589
337 172
331 474
279 134
180 546
77 279
68 289
484 362
290 24
180 558
33 358
2 378
322 387
87 324
219 743
335 576
376 219
500 362
283 575
179 537
326 146
336 618
67 339
71 336
56 304
165 266
337 574
88 324
477 356
335 626
335 168
316 263
336 633
286 591
197 334
356 261
178 481
439 275
295 78
235 571
167 263
185 732
318 367
292 83
304 674
235 21
494 346
61 342
325 399
112 246
266 553
269 1
225 41
185 566
497 357
113 306
217 749
8 381
344 178
280 115
282 577
341 252
488 340
372 215
114 306
24 338
225 647
256 1
347 255
349 184
363 267
431 267
313 156
201 283
230 633
10 364
336 568
396 294
188 383
259 1
441 277
397 235
11 378
190 244
292 81
308 764
188 725
290 47
484 332
400 298
392 231
296 644
421 310
345 777
498 358
213 756
327 409
226 90
475 320
441 278
285 130
108 310
234 117
187 630
340 739
172 752
347 157
318 336
238 125
59 344
247 554
267 554
188 615
262 527
237 6
290 145
293 41
243 566
176 255
307 741
470 313
222 667
303 667
500 378
183 250
260 497
339 576
349 185
406 301
138 225
13 358
476 321
365 269
35 328
234 118
179 177
226 646
286 130
55 348
312 780
416 251
306 680
192 689
294 147
188 166
188 611
290 36
367 209
200 312
339 565
185 171
82 328
181 560
332 568
193 162
382 223
344 778
404 300
379 282
1 381
503 374
99 316
138 226
193 690
324 392
151 209
288 595
34 358
180 743
336 648
486 364
78 330
182 773
280 135
294 81
282 126
32 359
49 311
201 241
297 60
480 359
401 299
354 191
343 751
308 740
132 295
498 360
317 329
9 381
339 733
27 363
289 132
40 319
216 753
263 546
332 697
8 368
280 116
335 483
158 270
162 268
446 336
26 336
265 551
199 239
325 397
178 253
280 104
56 347
460 347
192 369
189 598
325 160
289 34
433 269
333 601
299 655
253 533
77 332
227 95
332 702
194 703
331 595
381 223
340 736
9 380
238 568
324 160
467 351
319 143
290 144
356 195
397 295
324 396
178 504
287 28
219 744
342 744
442 279
187 614
218 748
189 602
343 749
106 310
314 157
259 513
469 312
443 279
302 665
233 112
328 415
281 7
187 624
417 251
222 664
335 674
280 112
75 332
500 364
171 774
236 120
202 295
293 69
304 152
282 109
300 656
417 307
254 1
300 662
279 130
281 102
337 578
1 380
135 294
282 111
324 255
181 547
292 79
309 140
287 33
54 306
291 55
335 649
220 737
325 253
332 719
37 325
217 715
335 727
138 291
336 728
296 49
108 251
194 695
319 369
260 522
335 725
151 210
399 298
291 86
168 263
317 322
323 391
253 0
161 268
12 377
282 8
483 331
294 42
202 287
248 553
135 229
484 363
297 648
244 565
318 354
229 30
332 477
256 508
486 365
99 257
29 363
289 33
329 416
309 716
268 1
0 382
220 673
190 719
284 17
296 59
186 247
201 159
330 434
464 303
325 571
165 265
255 1
233 584
289 98
188 169
128 298
501 368
182 250
339 250
493 370
415 306
423 257
114 305
294 639
444 334
15 376
16 348
330 146
459 297
318 270
267 2
24 339
307 690
185 735
317 335
183 737
475 319
495 373
21 342
98 316
334 244
461 300
191 585
236 14
362 203
449 339
82 276
230 101
280 107
295 148
180 251
318 278
321 258
345 154
234 142
289 87
195 352
332 243
233 26
339 514
184 172
328 420
155 273
282 7
109 248
336 246
241 2
309 778
431 322
122 302
332 781
102 255
183 409
140 290
341 559
181 469
317 365
362 267
340 563
322 258
507 381
425 314
246 562
289 596
41 354
310 154
324 254
290 602
343 778
468 352
490 368
179 505
189 245
224 41
298 653
231 27
201 309
179 557
476 322
281 116
0 384
250 545
187 616
4 384
279 111
279 14
15 353
340 150
363 203
307 767
279 572
6 373
284 583
291 39
214 754
292 629
231 28
106 251
332 600
338 566
120 303
388 229
271 8
224 655
307 758
317 279
233 145
175 256
191 675
290 56
334 482
125 237
190 721
190 657
152 208
179 540
104 311
202 271
393 292
405 242
327 249
164 195
316 323
361 202
341 740
183 772
290 133
181 561
232 27
204 770
398 235
349 257
183 738
187 612
187 640
201 284
333 480
414 306
228 639
331 717
328 570
194 711
349 258
194 356
143 218
507 389
289 601
339 780
169 756
232 110
345 155
426 315
327 585
371 214
162 196
340 558
54 348
354 190
280 129
191 681
218 691
334 609
250 542
326 579
305 139
319 345
282 575
273 569
415 250
22 340
216 752
440 330
85 326
114 245
90 267
384 225
296 69
41 355
411 304
336 171
284 18
131 231
260 2
113 246
259 516
317 360
485 363
246 0
326 570
297 649
346 775
394 231
310 779
119 241
38 321
180 475
10 366
292 624
84 326
326 400
310 715
14 376
184 408
140 221
218 682
292 68
56 303
186 730
101 314
284 97
170 755
336 729
292 38
316 267
236 11
185 569
188 633
476 356
290 35
233 143
228 96
328 421
266 5
187 575
335 245
297 137
318 297
43 317
111 308
292 67
306 681
16 349
239 3
218 745
163 195
192 359
212 758
29 334
201 297
230 626
158 201
288 32
199 313
180 559
430 266
181 251
304 138
321 144
245 1
342 152
23 340
415 249
333 167
66 340
43 316
153 208
288 132
203 260
90 323
62 342
284 129
7 370
503 370
22 341
484 334
188 647
336 619
196 349
212 155
67 338
336 654
79 278
236 20
302 666
180 176
290 88
129 296
272 3
405 241
297 68
452 344
403 300
162 197
177 255
228 147
367 271
65 340
109 308
53 347
91 321
291 82
286 90
304 673
217 153
268 565
292 37
368 271
14 356
310 710
333 244
333 723
12 361
443 334
13 377
103 312
370 273
322 384
62 297
124 238
318 142
464 304
182 774
204 291
475 355
327 586
301 664
228 636
178 513
152 277
445 281
389 290
159 200
291 42
200 159
283 98
189 581
318 316
251 539
192 582
333 686
262 526
278 4
155 274
290 43
345 756
69 336
500 379
147 282
346 255
187 634
170 261
281 139
309 730
245 563
242 1
336 655
371 275
445 282
96 261
318 344
294 146
188 580
388 290
218 734
341 743
183 435
216 698
375 218
187 388
2 379
269 566
345 254
172 185
294 44
321 378
233 116
203 270
190 674
32 332
258 3
174 258
191 370
212 757
234 23
347 762
287 592
339 735
188 245
295 640
325 572
347 771
31 360
254 519
40 320
139 223
231 616
222 66
374 216
424 314
232 615
326 584
432 268
260 512
355 193
196 337
78 279
134 229
191 242
402 299
217 152
414 305
131 295
377 279
385 227
347 181
467 308
439 276
436 271
42 353
346 772
316 328
398 295
307 140
91 266
440 331
384 286
345 776
340 515
331 444
122 239
147 281
303 672
91 265
334 675
186 731
235 12
36 326
81 277
287 12
20 371
191 241
202 285
285 142
227 643
356 194
248 547
209 760
315 266
21 369
311 141
181 474
229 635
195 704
302 150
353 190
296 137
331 164
280 573
237 123
452 342
180 741
465 305
281 112
223 656
335 620
351 258
316 268
197 772
306 139
26 364
391 292
334 607
436 272
48 311
267 6
487 339
204 157
265 550
75 282
334 570
8 369
282 106
295 48
290 605
326 406
171 752
256 504
436 326
126 298
291 87
21 371
283 9
278 570
190 243
14 354
338 511
194 710
283 100
320 370
75 281
179 477
335 630
340 149
17 347
290 92
308 759
45 314
289 26
326 252
203 294
261 530
61 298
204 289
416 307
509 384
110 247
404 239
160 198
168 756
342 177
188 728
291 36
188 641
307 152
247 558
191 164
190 164
463 350
494 348
291 146
158 203
138 292
347 158
1 385
413 247
180 476
217 710
327 251
289 25
337 573
171 753
328 587
293 78
440 277
465 306
309 697
185 247
288 594
229 147
290 65
493 371
336 487
307 682
179 744
329 433
287 28
181 552
277 13
226 644
232 111
139 290
254 524
344 254
508 383
492 344
295 79
179 252
288 99
206 157
246 559
266 552
164 266
270 8
179 480
175 258
192 716
195 350
226 90
283 107
386 227
316 323
329 569
286 587
224 655
494 346
41 318
221 152
378 280
273 569
199 327
340 558
459 297
329 433
180 743
463 350
328 247
449 339
195 704
339 565
325 161
317 365
62 342
246 562
431 267
122 302
121 239
248 553
10 364
282 7
334 609
469 312
327 162
182 773
12 359
505 386
223 663
314 157
192 682
261 525
328 590
332 477
0 382
205 767
197 334
505 387
487 339
99 257
296 647
45 313
326 570
317 329
178 513
409 245
78 331
245 565
203 260
438 273
410 245
349 185
338 732
178 481
178 745
442 279
202 251
307 758
187 384
356 194
282 111
103 314
469 311
184 408
327 249
505 377
319 261
384 226
476 321
253 533
280 138
336 655
405 301
337 491
188 166
20 371
282 106
84 326
40 320
31 333
246 0
347 182
333 166
264 549
301 664
200 310
207 156
301 663
332 702
138 225
325 253
485 363
201 283
280 135
496 350
153 208
170 261
385 227
185 569
488 340
362 203
194 695
297 648
362 267
388 229
111 247
233 584
14 376
342 176
56 347
291 36
333 720
481 359
42 318
242 1
237 124
42 353
297 60
354 190
152 208
346 255
198 333
333 478
336 729
390 229
324 573
223 82
497 357
190 721
95 318
178 504
251 541
381 223
185 566
15 376
56 303
13 357
360 266
268 557
297 649
5 384
218 748
202 295
336 648
35 328
68 289
283 575
190 674
198 160
334 482
443 279
5 374
26 336
371 214
187 571
318 261
333 606
165 265
326 584
335 570
268 565
108 309
324 254
340 739
343 778
437 273
281 112
171 261
191 242
101 314
43 317
339 733
261 530
376 219
203 270
372 275
295 643
233 26
191 370
128 298
308 768
319 345
308 740
309 697
236 9
222 66
119 242
31 360
502 381
493 370
230 102
237 135
332 719
203 253
394 231
315 266
63 341
116 244
1 385
219 679
344 755
347 181
16 348
257 497
179 253
178 744
212 155
30 334
346 760
487 365
293 630
285 584
325 160
433 269
460 347
231 103
190 719
235 22
404 240
366 269
333 686
179 512
75 282
307 741
501 365
38 323
17 345
290 145
282 8
439 276
484 362
122 239
386 287
134 229
337 574
336 627
336 633
334 607
206 764
8 369
302 150
43 353
406 243
289 93
56 304
402 299
88 324
197 772
336 629
164 266
193 712
491 368
335 245
188 647
175 748
508 389
331 598
471 354
203 158
229 635
20 342
313 156
434 324
48 311
343 178
497 356
241 2
424 314
345 254
493 371
232 110
245 563
199 160
476 356
239 4
490 368
183 563
212 758
4 384
430 266
147 282
294 44
336 571
243 566
294 81
486 365
173 749
96 261
119 241
211 759
186 171
316 158
294 639
80 329
339 249
255 518
436 271
101 255
183 172
291 87
469 352
140 221
503 374
225 150
315 157
215 754
180 558
335 656
284 9
272 568
179 554
341 252
280 129
327 586
509 388
185 732
11 379
188 169
195 350
193 357
202 287
196 337
407 243
372 214
21 342
299 150
475 319
316 263
292 629
196 349
197 336
137 292
291 623
303 667
118 243
187 388
398 235
492 343
109 308
393 292
326 253
384 286
349 257
498 360
143 218
233 112
269 566
2 378
447 336
332 718
158 270
461 300
335 649
90 323
271 2
105 311
189 656
325 571
331 780
388 289
230 101
495 373
185 247
188 641
200 159
284 574
99 316
406 301
400 298
231 27
227 91
317 296
412 247
235 571
489 340
282 109
431 322
388 290
204 291
133 294
232 615
329 422
184 407
79 278
343 751
34 328
186 389
434 269
82 273
326 400
401 299
338 172
61 342
202 285
487 337
263 546
206 157
232 27
433 324
209 760
439 275
37 324
308 770
211 156
187 575
252 534
440 331
45 314
172 752
170 755
336 728
150 211
22 341
296 644
247 558
505 376
287 142
159 199
397 295
0 384
389 290
338 781
209 761
258 496
228 639
201 241
436 326
295 148
345 776
143 217
340 515
23 367
125 237
191 372
333 601
190 380
220 737
231 616
318 278
308 731
449 338
426 315
284 579
267 2
261 528
178 536
337 578
289 26
279 130
106 310
324 255
309 778
4 376
391 292
265 551
332 781
347 771
221 668
204 289
335 617
54 348
169 767
159 270
185 735
214 754
310 710
331 717
317 322
203 292
75 281
140 290
383 286
179 480
138 292
344 752
397 235
321 258
235 21
334 481
337 494
507 380
13 377
342 177
288 99
334 685
204 261
484 363
291 606
260 522
476 322
324 160
99 258
337 580
329 416
337 573
305 675
441 278
138 226
316 268
495 372
272 3
169 771
187 622
180 541
325 572
32 332
46 313
234 23
494 348
318 336
11 378
224 84
234 24
508 383
11 363
444 334
333 480
155 273
290 92
226 40
341 562
283 108
21 369
269 567
49 311
247 554
396 234
312 156
201 284
129 296
180 741
171 774
346 761
103 312
327 251
283 102
181 474
179 540
228 147
217 710
292 83
328 587
349 184
335 610
190 244
329 164
417 251
325 399
188 576
335 626
194 238
10 379
234 580
220 673
188 383
227 640
352 189
339 580
188 580
308 154
87 324
287 13
334 168
24 338
195 709
102 255
222 47
186 393
158 201
162 196
227 643
180 476
344 178
189 602
322 258
168 766
312 780
218 682
235 140
355 192
267 556
324 577
181 175
326 162
233 581
237 123
261 523
375 218
40 319
287 12
256 508
189 724
92 320
395 294
167 263
278 4
477 356
373 216
378 282
71 336
181 561
229 634
161 268
165 192
396 294
216 709
193 690
465 350
483 331
315 264
67 339
218 691
306 680
171 752
289 15
414 305
188 615
309 716
294 42
502 382
108 310
300 662
304 674
290 602
335 632
124 238
78 279
334 244
319 260
286 99
254 519
232 585
180 176
173 751
308 764
265 550
4 374
1 380
503 370
332 599
323 388
160 198
242 566
507 381
259 496
440 330
183 737
183 738
331 595
216 154
186 247
338 566
226 646
508 382
63 296
199 770
192 369
270 2
237 6
1 381
333 696
64 341
320 370
194 711
335 169
290 605
151 277
417 307
151 210
191 588
415 250
338 581
180 546
302 666
132 231
370 274
226 644
235 139
240 2
232 111
336 170
287 33
224 45
171 753
15 350
29 334
36 327
33 358
82 328
231 625
466 351
431 321
289 25
307 682
257 503
161 198
113 306
225 650
149 211
191 581
318 354
316 267
184 172
237 137
63 295
311 779
337 172
250 542
27 363
188 725
282 104
189 598
189 648
193 162
356 195
339 576
126 298
471 313
409 302
496 355
55 305
256 504
292 38
147 281
225 41
213 756
340 565
85 326
198 161
500 364
339 250
191 681
266 552
260 2
114 306
285 142
168 263
297 148
289 19
283 9
217 692
202 252
335 168
365 269
293 635
307 153
244 565
259 1
31 332
95 261
475 320
176 255
416 307
110 247
424 313
123 238
438 274
289 601
12 361
152 277
188 382
8 368
413 247
283 573
77 280
183 249
294 146
392 231
293 41
458 346
236 120
182 468
219 744
307 767
342 252
329 593
234 118
33 331
67 338
2 379
194 356
57 347
335 576
192 689
317 263
33 329
283 103
79 329
336 618
3 385
221 672
181 174
216 753
483 329
322 256
169 756
217 697
306 681
275 569
500 362
250 545
219 681
59 344
310 779
432 267
367 209
135 229
400 237
235 13
371 275
332 568
218 734
45 352
158 203
203 294
115 245
114 245
183 564
277 4
464 303
319 369
423 257
289 144
318 270
21 371
278 570
322 387
253 0
268 1
317 279
405 242
323 255
507 389
246 559
304 152
199 313
54 306
220 742
326 579
60 343
185 171
339 735
307 690
191 164
223 656
201 309
336 246
334 572
293 39
217 751
115 304
205 769
139 224
189 581
354 191
336 171
183 250
192 584
251 539
113 246
189 722
305 679
269 1
177 254
117 303
336 654
338 495
503 383
317 335
219 736
185 394
437 327
498 358
14 356
91 321
331 569
470 313
303 672
181 560
199 239
260 497
295 48
310 154
317 262
287 593
346 772
81 328
259 516
376 279
22 340
240 568
202 271
339 780
344 254
332 697
367 270
367 271
233 25
500 378
214 155
219 743
328 570
236 20
75 332
506 379
317 317
321 378
288 595
452 290
163 195
233 116
69 336
480 359
223 150
292 37
170 754
235 575
401 237
68 290
91 265
291 86
335 653
327 409
98 316
193 358
338 567
223 67
299 655
441 277
467 309
197 239
336 490
203 263
230 146
413 304
264 547
108 251
338 511
296 77
331 703
276 570
467 308
181 251
355 193
79 277
192 582
50 347
324 392
230 626
471 315
222 667
37 325
420 310
404 239
7 370
151 209
484 334
194 710
202 158
347 255
188 623
236 11
337 568
328 410
334 675
328 415
234 142
179 477
336 568
53 347
340 736
190 373
181 552
174 258
41 354
501 368
336 572
345 777
193 694
180 251
338 731
360 265
280 573
465 305
255 509
29 362
484 332
178 253
204 262
436 272
333 167
229 30
218 716
356 261
234 576
60 344
231 109
329 419
227 95
443 334
354 261
336 619
192 717
193 715
345 756
253 525
191 675
500 379
323 391
91 322
189 245
139 290
131 231
179 505
175 258
32 359
363 205
294 147
398 295
363 267
224 41
179 557
426 316
328 421
171 773
200 312
289 98
452 344
204 157
452 289
236 14
260 512
294 636
346 775
458 347
138 291
165 194
233 145
290 24
263 538
26 364
318 344
351 258
194 703
36 326
217 153
309 730
295 45
234 141
201 297
14 354
61 298
239 3
349 258
188 611
104 311
318 359
339 512
237 8
16 349
210 759
179 252
326 406
335 727
342 748
179 176
296 49
464 304
324 396
279 572
399 298
421 310
187 640
326 252
233 143
425 314
219 735
183 409
131 295
492 344
132 295
25 364
304 673
181 469
228 99
128 297
446 336
44 352
262 537
341 743
411 304
318 297
129 233
415 306
432 268
286 591
188 728
282 577
322 384
403 239
216 698
361 266
109 250
224 651
276 3
310 715
416 251
231 28
317 360
467 351
331 444
9 380
294 80
335 246
190 657
238 125
430 265
341 740
284 583
262 527
114 305
295 640
197 162
181 547
252 538
320 377
190 597
289 596
38 321
201 250
330 443
212 757
296 59
190 589
192 716
298 650
192 359
309 771
155 274
77 279
182 250
292 85
24 339
319 368
217 749
407 302
8 381
471 355
82 276
288 594
330 434
282 139
295 79
185 406
11 362
206 766
109 248
9 381
116 304
339 514
139 223
335 569
332 243
321 383
43 316
385 287
335 573
296 69
404 300
297 68
89 267
12 377
445 282
298 653
379 282
300 656
509 384
468 352
327 407
54 305
285 586
91 266
291 146
81 277
183 772
194 353
15 353
180 559
318 367
66 340
331 474
226 86
270 568
290 20
347 762
228 96
96 318
308 759
222 664
201 159
6 370
202 296
188 631
140 222
279 134
322 158
62 297
224 83
319 353
334 570
235 12
287 592
228 636
6 373
329 591
302 665
335 483
374 216
245 1
332 600
382 223
259 513
126 237
204 770
368 271
370 273
179 177
140 289
10 366
29 363
187 630
336 487
328 420
318 366
162 197
396 233
191 241
17 347
195 352
280 116
191 585
377 279
165 266
83 273
177 255
238 568
202 282
361 202
307 152
262 531
27 336
41 355
159 200
403 300
23 366
187 612
341 559
254 524
405 241
361 200
267 554
182 436
225 647
309 709
414 306
372 215
174 748
436 327
213 755
465 306
295 78
187 614
332 475
440 277
281 139
76 281
236 122
445 281
460 300
363 203
344 778
335 725
308 696
486 364
316 328
179 744
262 526
399 296
342 744
375 217
106 251
254 1
506 378
89 323
230 633
229 33
120 303
39 321
377 219
232 146
299 654
248 547
182 774
290 36
307 765
452 342
129 234
327 585
343 749
260 517
57 346
215 154
112 246
423 258
281 115
331 164
188 603
415 249
229 147
90 267
345 759
292 624
198 328
335 620
282 575
196 238
188 633
266 553
32 360
190 243
352 188
384 225
116 243
335 630
287 28
78 330
168 756
172 184
218 745
188 245
77 332
162 268
130 296
475 355
93 320
333 244
13 358
335 674
353 190
220 678
190 164
187 624
459 299
333 723
503 384
180 475
121 302
341 780
290 144
217 152
308 691
187 616
494 371
23 340
290 88
172 185
37 355
111 308
179 537
55 348
175 256
187 634
217 715
164 195
183 435
226 36
335 486
340 563
281 7
34 358
186 730
186 731
328 248
279 571
367 210
318 316
216 752
61 297
65 340
325 397
135 294
234 117
238 134
456 344
317 192
257 604
314 938
677 397
266 310
476 900
454 455
261 589
274 736
459 465
92 371
256 936
324 108
498 959
270 308
707 433
667 440
272 474
273 840
315 924
683 447
452 198
80 436
442 874
477 905
483 719
291 322
407 12
290 316
378 683
137 400
437 851
410 124
651 432
289 375
272 730
490 703
457 424
446 979
279 892
401 162
245 946
530 342
456 417
482 309
34 427
520 335
264 512
321 105
407 130
264 926
489 930
334 141
717 455
326 186
289 200
458 328
197 367
397 5
233 336
217 348
176 301
320 829
409 721
344 713
416 756
463 486
281 971
477 600
723 483
436 847
251 942
85 433
275 205
263 927
201 279
511 244
576 375
443 875
37 457
420 105
54 445
455 354
64 443
387 713
479 210
256 668
477 876
277 971
415 182
474 547
670 441
417 182
242 963
289 381
538 273
18 451
323 817
695 455
70 392
25 435
413 17
252 228
468 316
181 374
704 463
296 962
265 924
275 856
403 173
285 202
336 728
241 952
421 52
266 970
431 831
408 720
563 291
266 497
325 112
604 390
313 901
484 619
696 420
658 435
285 301
162 385
286 301
3 477
441 963
486 923
335 734
108 417
269 213
534 345
179 299
430 189
494 977
476 597
420 791
155 315
326 120
482 914
501 323
319 191
537 273
495 977
413 181
483 814
22 472
491 316
241 962
484 919
281 439
524 337
76 435
86 376
110 416
599 316
459 464
277 871
716 452
109 417
371 623
273 847
297 197
550 359
245 971
489 700
483 917
273 469
457 451
311 193
476 893
272 825
289 357
364 658
435 191
324 49
281 437
558 363
313 193
232 336
473 206
225 257
320 83
291 368
478 756
342 162
417 114
407 723
377 676
441 868
461 476
497 956
315 933
332 133
22 441
717 456
289 354
559 288
291 317
652 433
484 713
481 309
264 925
433 835
409 736
273 206
456 374
152 390
402 172
441 193
478 870
129 405
375 665
456 350
3 476
261 592
30 464
444 901
270 724
541 351
439 856
390 3
422 803
471 312
521 256
244 970
212 267
510 328
519 254
555 361
471 311
545 354
52 447
311 877
331 787
480 606
256 937
469 717
481 777
321 828
674 444
280 970
38 424
455 457
226 255
154 389
253 226
272 839
480 307
476 882
410 179
269 916
290 374
457 434
313 940
283 423
375 667
21 472
611 395
410 739
263 515
333 183
421 799
305 195
373 656
329 185
369 632
475 715
324 812
263 217
475 895
376 660
33 460
655 433
455 404
455 365
480 721
262 518
321 54
442 931
426 86
414 123
270 808
418 783
493 943
99 423
534 270
23 438
256 627
488 688
317 844
484 722
489 980
427 76
185 294
474 557
266 715
622 406
648 430
244 948
428 819
188 371
427 818
499 230
316 851
383 696
318 66
464 721
479 909
428 188
424 807
572 296
292 367
343 714
453 981
422 55
170 305
321 823
313 869
417 770
266 921
393 4
241 330
310 194
420 794
246 945
697 422
291 371
730 481
241 239
457 396
268 918
248 326
41 421
505 325
336 178
15 476
1 484
229 338
253 227
481 768
454 336
470 313
262 972
631 415
495 319
420 184
705 463
425 810
489 687
327 186
296 961
13 477
470 716
330 792
485 623
575 374
331 37
411 38
587 380
262 548
271 911
523 337
104 420
165 308
369 627
479 759
139 398
258 697
467 500
465 722
476 305
276 459
326 44
337 723
246 972
473 746
388 3
719 459
259 597
416 115
493 224
274 855
93 427
242 330
474 748
293 198
485 216
281 299
241 238
713 447
442 962
411 180
489 702
466 722
675 444
485 632
290 200
159 387
432 189
456 423
264 514
327 805
270 728
571 371
343 6
271 480
408 126
492 942
421 102
176 379
540 351
356 695
497 958
403 147
190 370
446 195
266 922
465 496
421 795
373 624
202 362
273 904
322 53
33 461
317 842
278 447
243 966
330 184
484 216
472 716
593 312
514 330
485 920
277 449
409 733
405 725
583 378
88 430
257 678
228 252
72 435
552 285
411 740
24 470
337 29
403 174
319 838
571 296
265 971
21 443
471 516
521 257
443 905
498 964
158 312
414 749
52 410
460 466
480 848
389 714
513 330
408 127
267 310
291 199
468 732
5 473
260 694
341 170
355 696
433 837
340 155
273 741
443 884
278 876
157 387
715 451
657 434
154 315
382 694
695 419
278 299
292 331
295 963
477 305
553 285
87 376
464 492
713 445
473 715
585 380
175 379
258 700
731 487
292 323
356 692
479 869
454 414
244 950
117 347
483 797
405 175
477 881
280 440
720 462
426 813
565 292
529 342
707 465
432 834
345 713
385 710
92 428
427 187
400 717
268 718
554 361
269 807
14 461
469 735
431 827
472 741
382 695
477 714
442 953
481 847
488 926
332 786
282 434
486 631
285 969
716 474
494 224
275 465
368 638
282 425
451 198
136 400
488 929
592 311
334 735
505 237
491 979
474 747
109 354
200 282
464 720
340 153
561 366
476 208
574 374
475 898
487 644
313 864
277 900
347 711
370 626
359 684
426 68
368 633
260 591
582 378
649 432
445 979
413 746
315 926
341 161
435 844
117 346
383 697
372 623
274 848
10 480
416 759
722 482
406 135
716 454
418 110
605 390
481 832
475 894
415 752
223 260
161 310
259 315
480 607
263 313
283 204
12 464
548 281
284 419
718 458
473 531
418 108
100 423
312 870
714 449
334 741
487 313
580 377
128 405
426 187
449 196
711 467
412 745
475 558
718 457
424 809
287 391
609 393
442 194
441 932
112 415
479 211
337 725
426 75
270 759
475 572
23 440
27 432
426 815
115 414
137 328
482 796
260 704
495 950
487 925
125 407
268 486
469 204
187 372
456 401
357 688
274 466
470 204
358 687
442 968
490 934
427 85
277 867
349 711
483 618
485 640
621 406
376 668
447 195
129 336
333 772
255 659
290 353
418 771
257 698
435 841
38 456
270 812
258 696
596 384
255 667
325 110
333 140
271 208
522 259
402 171
269 769
94 427
469 511
505 236
518 333
273 473
469 733
7 482
496 955
692 414
269 482
455 416
270 913
723 471
267 919
439 193
544 354
341 156
177 300
25 470
478 758
245 328
278 448
411 742
338 722
553 360
509 327
404 10
202 278
291 332
408 732
126 407
475 899
260 689
425 61
152 316
218 263
266 712
570 371
257 645
419 784
235 334
454 405
432 832
476 753
269 914
20 446
320 103
398 6
563 367
256 605
455 415
276 301
486 729
405 136
292 199
445 194
265 711
150 391
438 852
709 436
458 435
338 12
373 648
51 447
481 724
271 824
328 185
486 629
468 317
408 12
478 908
228 253
423 56
185 373
697 423
636 351
236 334
379 687
440 861
405 10
414 181
320 190
469 508
404 175
476 901
488 648
189 371
419 183
340 173
0 483
380 690
405 140
271 813
119 345
456 452
172 381
417 46
686 448
425 67
480 860
296 198
415 123
410 737
417 111
418 183
560 289
323 816
262 313
174 380
201 280
260 590
373 645
37 424
289 313
471 518
509 242
483 727
242 965
336 179
116 348
19 450
457 349
260 315
352 1
462 482
343 5
142 396
332 183
361 679
403 145
656 434
466 499
387 2
471 740
258 686
374 657
458 444
365 651
522 258
699 458
322 52
499 229
456 353
16 456
108 354
175 301
690 451
581 377
405 720
272 906
239 332
259 687
189 292
409 179
24 436
453 335
274 468
437 848
476 573
293 967
288 201
668 385
342 714
503 324
117 412
565 367
487 647
404 719
479 603
276 302
216 265
319 60
111 416
260 593
286 394
698 458
230 338
373 3
491 938
276 205
648 429
145 394
325 46
385 701
279 883
153 316
468 503
470 512
82 435
711 468
337 28
442 920
407 128
619 336
273 905
470 314
172 303
267 920
312 943
422 184
271 909
386 711
660 435
478 306
461 481
178 300
468 507
180 299
488 981
366 643
60 445
710 466
339 151
472 530
726 487
444 885
712 444
496 976
657 372
557 363
366 650
378 686
243 951
376 675
587 308
533 270
218 348
242 951
142 325
261 931
313 939
453 334
636 419
728 479
391 714
268 917
318 841
483 720
5 484
69 392
669 441
482 831
430 826
420 104
256 658
568 369
96 425
725 475
468 203
421 50
480 719
328 803
457 460
440 857
336 726
341 167
481 913
599 385
416 122
314 863
283 420
284 969
280 884
351 710
279 877
472 519
331 129
337 176
314 923
508 327
290 314
396 716
709 437
380 691
384 700
499 963
391 4
456 453
487 725
421 103
79 384
716 473
359 685
267 215
336 30
245 947
477 598
488 699
488 709
328 40
677 396
714 448
307 195
723 484
346 3
261 930
363 671
287 393
486 641
493 945
361 677
485 628
288 382
627 411
340 171
331 184
665 439
322 189
365 1
275 460
202 277
325 811
695 418
113 415
484 918
682 402
420 48
334 182
162 310
282 300
364 667
474 307
480 308
374 658
5 474
728 488
323 189
259 688
291 362
255 614
330 127
165 382
131 403
325 48
448 196
498 962
273 305
367 1
496 952
494 946
372 646
466 719
478 602
484 721
402 148
384 2
497 970
257 634
284 300
464 488
707 434
554 286
383 3
164 308
473 546
497 320
433 190
17 474
290 372
312 876
271 308
465 719
597 385
277 732
463 200
256 646
362 672
424 60
509 241
14 460
372 647
445 900
277 204
315 852
476 750
688 450
593 382
326 808
326 45
444 976
490 980
481 912
494 949
287 201
429 823
462 485
271 209
226 256
642 423
81 381
292 363
225 258
425 186
316 932
269 720
728 478
276 734
574 298
364 0
286 396
466 726
259 598
62 444
277 451
272 747
267 496
666 439
285 399
466 497
562 366
426 95
386 712
66 394
114 414
442 869
709 466
24 437
498 321
324 109
476 982
569 294
478 875
312 893
722 468
657 373
502 323
682 403
429 188
692 413
227 339
330 128
379 689
265 511
588 381
590 382
122 409
412 35
478 906
578 375
443 975
466 203
482 714
286 202
682 446
53 409
731 483
494 319
12 463
334 181
496 975
372 2
436 845
412 743
92 370
42 455
467 727
611 396
482 611
310 946
721 466
511 245
673 392
25 434
414 751
148 393
730 488
285 413
275 730
36 457
151 391
711 440
430 824
424 99
486 313
134 402
353 707
289 304
61 444
664 438
439 854
388 713
143 396
457 328
472 743
474 207
425 96
213 267
277 896
257 699
467 502
337 177
243 969
481 610
322 822
480 764
295 965
447 980
314 913
406 131
194 369
329 796
411 37
291 361
456 458
193 288
279 446
482 915
263 928
423 804
278 893
479 718
498 969
595 384
173 303
183 373
490 932
694 416
30 465
689 451
336 31
291 341
486 981
473 744
17 455
519 253
481 608
267 489
368 2
637 419
340 9
402 719
327 804
455 456
269 723
567 369
272 971
333 138
268 488
254 226
468 717
663 438
247 326
332 137
470 736
267 716
457 340
314 935
419 107
460 475
412 180
312 941
721 479
672 443
483 726
415 755
358 686
91 428
671 388
276 866
673 391
1 479
542 276
551 359
552 360
182 374
579 302
15 459
251 228
711 439
271 479
441 952
365 657
350 710
708 465
465 493
408 728
376 664
649 431
316 845
475 207
353 0
415 20
490 316
255 626
443 969
33 427
722 467
499 321
313 912
268 719
161 385
222 260
53 407
477 208
138 328
676 445
490 706
238 332
485 922
322 818
81 435
381 692
497 974
270 210
417 760
186 294
327 121
308 194
434 840
566 292
678 445
270 768
314 192
489 670
468 729
575 298
492 979
687 448
696 421
722 481
445 891
290 360
336 146
580 302
475 981
148 320
272 751
81 382
274 206
146 394
0 481
673 443
488 669
429 821
78 384
310 945
354 702
40 456
269 485
28 432
315 856
424 98
327 124
319 73
342 166
276 862
477 755
479 861
482 778
724 473
132 403
404 141
457 462
8 482
360 680
331 36
694 455
22 442
191 370
273 746
168 381
256 673
264 217
354 706
331 132
267 717
270 211
471 739
381 693
422 800
269 212
400 6
118 412
470 515
413 748
474 308
258 679
247 945
265 923
685 447
188 292
419 790
487 923
384 698
428 820
415 22
425 97
281 433
328 800
133 402
712 441
286 400
397 716
316 927
173 380
84 433
147 393
419 106
265 502
105 420
304 196
434 190
444 890
315 934
41 455
444 978
200 281
290 358
274 740
194 288
454 337
301 955
282 436
418 46
348 1
564 291
320 833
101 422
97 425
276 452
278 895
730 482
367 642
318 191
244 328
128 336
404 144
330 795
250 942
325 809
318 839
460 199
169 305
436 191
370 624
423 806
511 328
159 312
312 900
491 935
52 411
332 773
478 601
333 742
485 729
338 718
521 335
285 397
272 908
287 967
21 445
256 613
321 104
533 345
467 728
476 897
335 729
300 197
626 410
360 683
457 445
319 82
719 461
268 309
424 58
495 951
6 472
401 170
284 414
281 426
427 816
244 971
547 281
290 342
413 18
504 324
77 436
186 372
721 465
395 715
541 276
273 306
487 728
272 478
263 971
20 448
506 325
416 31
367 639
228 339
482 614
266 215
363 668
9 467
598 316
725 474
412 36
261 549
561 289
167 306
463 487
635 351
456 459
492 939
723 469
196 367
1 480
585 306
405 723
425 812
265 710
479 306
472 206
589 381
319 834
314 857
269 309
557 288
479 910
271 970
301 956
457 375
282 971
694 417
720 464
437 192
483 713
15 458
438 192
392 715
123 409
452 980
721 480
153 390
331 791
485 982
257 674
282 424
11 480
19 474
279 891
477 754
43 454
340 10
481 722
588 308
258 702
555 286
424 186
319 65
489 931
338 27
482 815
394 5
155 389
442 964
608 393
444 904
14 476
483 615
17 453
412 39
568 294
120 411
168 306
412 41
336 148
402 161
353 708
679 446
321 58
63 443
89 430
488 708
271 752
280 890
311 892
260 705
591 311
118 345
484 622
470 738
626 411
67 394
167 382
16 457
668 384
452 333
279 444
19 449
263 517
141 325
479 716
215 265
458 327
280 443
324 50
9 468
219 263
362 676
482 718
517 333
334 144
266 501
398 717
456 366
326 806
420 49
483 916
441 862
476 714
456 397
715 450
476 896
479 605
461 200
260 596
321 190
13 478
632 415
276 733
6 471
453 199
479 763
671 389
115 348
140 398
641 423
271 758
480 767
102 422
339 152
326 113
278 872
486 643
416 23
301 196
413 124
329 799
455 402
278 970
119 411
147 320
286 408
270 912
377 682
18 452
594 312
285 409
328 42
256 633
44 454
688 449
434 838
345 3
477 902
203 362
443 919
288 390
324 815
727 487
496 320
620 336
668 440
192 369
357 691
724 472
584 306
422 53
318 72
355 701
275 861
438 853
42 421
423 57
257 600
